item	frequency	neg	prevneg	scopeneg	grade	prevgrade	scopegrade	truly	prevtrue	scopetrue
shameful	13877	161	147	147	454	401	401	346	346	346
unsatisfactory	6335	13	8	8	103	99	99	92	92	92
childish	12925	222	182	182	524	512	512	64	64	64
ghastly	2953	3	3	3	19	19	19	11		
lucky	179110	3432	1866	1866	10027	9909	9903	866	849	849
gaudy	2114	14	14	14	2	2	2	482	482	482
advanced	336654	2627	2462	2462	3879	3218	3218	513	477	477
graceful	9182	176	176	176	110	100	100	228	228	228
idiotic	10686	101	68	68	274	270	270	318	315	315
affable	1797	4			30	30	30	12	12	12
arbitrary	15429	271	239	239	412	410	410	246	246	246
distinctive	35647	815	326	326	1739	1707	1707	134	134	134
frightening	18662	233	108	108	810	805	805	244	244	244
sleek	28837	89	60	60	322	305	305	274	264	264
frigging	1079	24	24	24	34	34	34	2	2	2
chic	42129	75	53	53	402	388	388	344	324	322
weak	175194	1350	821	821	5458	5358	5357	1900	1900	1900
smart	385441	7035	5833	5819	8263	8078	8078	622	599	599
gratifying	3241	42			340	340	340	48	48	48
regal	8707	5	4	4	46	40	40	18	18	18
disgusting	47096	417	221	221	1135	977	977	1960	1925	1925
felicitous	55				2	2	2			
heavenly	13191	112	6	6	17	13	13	47	44	44
irregular	14760	43	29	29	367	331	331	70	70	70
noteworthy	18158	299	164	164	1546	1530	1530			
dexterous	831				28	28	28			
inestimable	347									
chaotic	29271	109	71	71	473	457	457	753	753	753
congenial	591	40	40	40	3	3	3			
aching	4625	104	58	58	8					
priceless	12069	21	8	8	44	41	41	80	79	79
likable	2884	63	56	56	247	245	245	22	22	22
exagerated	74				3	3	3			
cost-effective	27031	350	328	328	290	265	265			
naive	18693	915	813	813	881	863	863	576	558	558
pitiful	4541	48	22	22	53	53	53	66	66	66
decent	124179	1683	1185	1185	2964	2843	2843	1318	1305	1305
clean	350391	3395	2201	2201	7005	6766	6766	1144	1023	1023
poor	405372	2657	1422	1422	12345	11986	11986	1017	939	939
upscale	25134	58	37	37	142	110	110			
preferable	7987	207	101	101	395	395	395	2	2	2
sufficient	60831	9500	9335	9335	326	187	187	129	87	87
worthy	61219	3364	3165	3165	636	600	600	290	270	270
antagonistic	1869	264	264	264	39	39	39	49	41	41
tiring	12178	162	155	155	5407	5401	5401	67	55	55
gross	123124	840	627	627	610	549	549	135	107	107
nefarious	5698	128	99	99	16	12	12	42	42	42
beneficial	48088	1388	1163	1163	4928	4847	4829	1216	1210	1210
confounding	3869	38	4	4	8	8	8	11	11	11
disgraceful	13199	75			98	96	96	627	623	623
luxuriant	324				1	1	1	1	1	1
imprecise	1620				96	96	96	1	1	1
impotent	3314	15	10	10	95	95	95	7	7	7
diligent	6133	110	104	104	297	297	297	14	2	2
hot	590158	5685	4459	4448	12381	12000	11999	2901	2842	2842
plentiful	7744	109	80	80	14	14	14	28	28	28
positive	405608	7701	7242	7242	14334	14019	14017	1652	1622	1622
happy	858670	30771	28499	28491	61209	59556	59540	6481	6428	6428
impressive	171083	2019	1496	1496	8197	8073	8073	2108	2052	2052
ambitious	100301	987	762	762	1542	1486	1486	1107	1107	1107
tragical	16									
disreputable	450	16	16	16				16	16	16
impossible	153252	10747	4421	4421	1220	914	914	825	590	590
fractious	3378	9	8	8	39	39	39			
irreplaceable	2681	52	52	52	18	18	18	13	11	11
top-notch	7320	13	12	12	5	5	5	8	8	8
barbarous	458	1	1	1	5	5	5	5	5	5
inadequate	26640	61	25	25	1078	1078	1078	1683	1635	1635
authentic	65686	874	688	688	494	449	449	283	283	283
lovely	170699	519	327	327	3232	2996	2994	1233	1173	1171
wasteful	10428	93	68	68	242	242	242	223	223	223
dirt-cheap	604							13		
distinguished	45413	297	209	209	217	198	198	43	25	25
insensitive	10273	110	83	83	578	564	564	215	215	215
abrupt	24734	86	68	68	59	55	55	14		
concise	59562	222	2	2	194	180	180	20	19	19
contradictory	9643	544	543	543	300	287	287	29	29	29
fun	671216	15707	13656	13653	11191	10450	10440	2608	2437	2437
ecstatic	12061	152	148	148	541	539	539	68	68	68
deplorable	61746	628	303	303	346	297	297	608	584	584
stifling	7013	91	91	91	16	16	16	422	422	422
eye-catching	9881	8	8	8	269	269	269	101	101	101
grisly	6863				2	2	2	20	20	20
tempting	13695	215	131	131	1334	1334	1334	143	146	143
fabulous	57309	185	90	90	416	360	360	1180	1178	1178
sleazy	2338	46	37	37	28	28	28	71	71	71
commonplace	9906	102	96	96	114	114	114	45	45	45
imaginative	7242	215	199	199	300	285	285	130	130	130
noble	34726	187	105	105	186	165	165	114	113	113
contemptible	540	139	139	139	5	5	5	6	6	6
implausible	3500	94	93	93	1370	1370	1370	61	60	60
despicable	8783	62	51	51	111	111	111	140	138	138
free	2069262	24726	15191	15183	12523	11231	11227	8210	8026	8021
desolate	5104	21	12	12	97	83	83	16	16	16
energetic	23585	41	41	41	1357	1239	1239	110	76	76
brave	68650	570	505	505	1990	1976	1968	346	337	337
costly	48300	497	419	419	1843	1810	1810	281	265	265
asinine	3170	15	4	4	130	122	122	67	45	45
deficient	6197	73	30	30	122	122	122	82	82	82
unappealing	3782				136	136	136	616	616	616
laudable	2967	31	10	10	53	53	53			
unforgettable	23172	5	1	1	133	133	133	629	629	629
stylish	54449	353	295	295	1483	1346	1346	345	266	266
futile	8175	24	12	12	133	131	131	36	36	36
brilliant	112527	777	603	603	1018	811	810	2614	2519	2517
advantageous	7329	371	184	184	513	513	513	10	10	10
frightful	1136	28			21	21	21	2	2	2
angry	141413	2254	1584	1583	5033	4923	4923	451	386	386
majestic	17548	120	117	117	23	20	20	28	14	14
unworthy	3802	96	94	94	81	61	61	7	7	7
magical	64756	839	755	755	556	543	543	883	877	877
bombastic	3320	3	2	2	2	2	2	37	37	37
festive	20160	193	49	49	163	163	163	95	95	95
inadvisable	294	26	26	26	48	48	48			
commendable	4173	49	48	48	358	354	354	26	26	26
fantastic	192793	2209	2017	2017	2158	1767	1767	3077	3001	3000
unauthentic	311				9	9	9	18	12	12
eyecatching	131				2	2	2			
feeble	6191	57	39	39	65	51	51	32	32	32
euphoric	3235	16	8	8	54	54	54	6	6	6
thrilling	59208	58	56	56	369	362	362	208	190	190
splendid	9201	17	3	3	152	134	134	168	152	152
phenomenal	21487	79	27	27	228	228	228	524	523	523
fraudulent	24019	187	159	159	8	8	8	6	6	6
filthy	14777	64	55	55	156	122	122	247	244	244
mighty	42376	322	19	19	14	14	14	44	30	30
effortless	12965	96	92	92	299	285	285	139	137	137
controversial	195608	1849	1565	1565	5946	5904	5904	223	213	213
prestigious	77899	75	19	19	756	713	713	182	182	182
sumptuous	3406	2			21	21	21	14	14	14
friendly	234470	3276	2769	2769	6127	5896	5896	769	646	646
supreme	177887	371	166	166	21	10	10	16	16	16
angelic	5612	47	46	46	14	13	13	28	4	4
inelegant	345									
abysmal	5722	10			100	100	100	124	124	124
challenging	147494	1990	1786	1786	8778	8372	8372	482	459	459
questionable	37308	807	776	776	1107	1089	1089	1	1	1
effective	352342	7799	7120	7120	17356	17202	17202	1901	1865	1865
inane	1960	6	6	6	64	64	64	1	1	1
adamant	12115	531	23	23	181	181	181	34	34	34
cozy	24773	731	717	717	465	448	448	90	86	86
swanky	3137	2	2	2	46	46	46			
complimentary	23918	396	395	395	410	410	410	28	28	28
fucking	193987	6329	5558	5558	4273	4154	4154	847	705	705
incomprehensible	5587	2	2	2	106	104	104	56	56	56
luxurious	33604	305	277	277	434	409	409	310	304	304
trashy	4005	76	62	62	63	63	63	41	41	41
perilous	11078	74	8	8	149	149	149	7	7	7
disapointing	66				21	21	21			
infuriating	4868	57	17	17	75	75	75	184	181	181
erudite	1705	2			94	88	88			
acrid	1000				23	23	23	11	11	11
flexible	87476	676	577	577	3398	3385	3385	675	664	664
preposterous	3546	38	30	30	72	48	48	67	29	29
insufferable	1906	13	12	12	14	14	14	11	11	11
favorite	519769	2556	2001	2001	1830	1675	1675	389	360	360
bland	12338	120	45	45	254	225	225	198	182	182
cheap	741860	36042	13286	13202	10187	9567	9481	2748	2675	2675
tolerable	2764	184	130	130	111	111	111	19	19	19
hateful	16877	431	429	429	133	77	77	108	54	54
satisfactory	13723	963	963	963	516	516	516	126	114	114
compatible	45443	3326	3270	3270	460	460	460	366	366	366
enviable	6929	64	64	64	73	65	65	63	63	63
foul	41576	1988	1947	1947	255	255	255	94	88	88
intolerable	5258	4			79	79	79	75	75	75
confident	156784	4878	4254	4254	9664	9585	9585	1581	1541	1541
odd	117350	1287	737	737	4756	4668	4668	431	349	349
worth-while	36									
zippy	1389	1	1	1	1	1	1			
strong	1008369	8853	7917	7916	38217	37577	37564	3636	3512	3512
disagreeable	892	102	102	102	20	20	20			
righteous	11998	202	105	105	121	119	119	26	26	26
proper	165317	12816	12045	12045	392	356	356	139	125	125
bothersome	2198	62	58	58	666	666	666	36	36	36
tedious	41551	30204	61	61	565	531	531	192	192	192
desperate	83642	1082	820	820	1757	1747	1747	209	194	194
likeable	2753	41	39	39	191	163	163	85	85	85
fanatical	4631	322	322	322	19	19	19	20	20	20
condescending	5923	709	301	301	448	446	446	90	90	90
ergonomical	45									
anomalous	2172	90	90	90	34	34	34	22	22	22
engaging	77146	1310	1264	1264	1217	1052	1052	754	742	742
shabby	5397	1147	1141	1141	26	26	26	21	21	21
brainless	974	14	14	14	14	14	14	6	6	6
elegant	47981	563	470	470	1041	986	986	218	173	173
beautiful	668019	3406	1784	1783	12371	11583	11581	12516	11867	11867
decisive	30060	207	167	167	75	75	75	27	27	27
dirty	92356	1254	1061	1061	1019	879	879	259	241	241
flashy	7813	540	528	528	231	219	219	19	19	19
immodest	449	113	113	113	2	2	2	25	25	25
horrible	94213	1458	1063	1063	996	875	874	1185	1147	1145
eloquent	4440	163	163	163	233	233	233	86	86	86
calm	126098	815	336	336	2123	1975	1933	924	702	702
dubious	16970	76	40	40	302	288	288	95	92	92
enticing	9045	99	95	95	462	419	419	86	86	86
difficult	497377	12021	9231	9227	59318	58872	58872	13055	12820	12820
complicated	114036	1971	1744	1744	5716	5431	5431	1998	1998	1998
disappointing	81976	2312	489	489	6600	6545	6545	470	469	469
deceitful	4013	15	14	14	33	28	28	148	148	148
prominent	135287	619	481	481	990	931	931	481	481	481
incomplete	22205	925	63	63	317	211	211	168	70	70
bullish	29650	317	259	259	701	700	700	146	146	146
immoral	6892	469	419	419	180	176	176	52	52	52
great	2257923	27808	23488	23488	26741	25274	25274	6368	6240	6240
stately	4653	2			42	38	38			
grim	26518	74	46	46	481	440	440	105	105	105
annoying	69641	1137	875	875	7561	7439	7439	819	599	599
gainful	966	4			10	10	10			
feasible	18126	3026	2972	2972	635	603	603	160	150	150
insane	63476	655	453	453	1341	1240	1240	2213	2104	2104
defunct	14210	12			195	195	195	18	18	18
best	3176857	27969	18615	18599	41709	40647	40647	4679	4447	4446
audacious	6680	97	1	1	50	50	50	154	118	118
harmonious	6575	58	40	40	42	42	42	6	6	6
fair	370533	18761	15835	15833	4339	4077	4077	1017	1000	1000
unparalleled	16521	38	14	14	56	12	12	80	80	80
invigorating	2149				1	1	1	6	6	6
flawless	29824	400	322	322	158	148	148	424	404	404
precious	108435	522	203	203	964	951	951	258	251	251
uncomfortable	67739	1038	518	518	4665	4635	4635	672	662	662
endearing	3914	77	41	41	90	90	90	111	111	111
topnotch	242									
ugly	88014	1695	1180	1180	2135	2089	2089	481	473	473
entertaining	54292	700	557	557	3891	3784	3784	1489	1456	1456
worthwhile	17040	532	417	417	1015	1001	1001	99	99	99
ethical	33066	355	269	269	78	76	76	39	39	39
considerate	2912	75	63	63	212	212	212	47	47	47
forbidding	2318	6	6	6						
bloated	12850	139	87	87	219	217	217	131	131	131
attractive	89895	1644	1335	1335	6622	6522	6522	2105	2061	2061
trivial	10212	1239	1144	1144	323	323	323	43	43	43
impeccable	8094	34	34	34	8	8	8	59	59	59
indeterminate	1776	17	16	16	2	2	2			
careless	15332	256	191	191	5507	5445	5445	149	145	145
objectionable	5840	16	15	15	373	373	373	4	4	4
delicate	30043	186	130	130	1087	1010	1010	109	93	93
convenient	57631	981	894	894	2573	2573	2573	653	629	629
blatant	19114	134	101	101	86	82	82	24	18	18
bright	163081	1954	1746	1722	4637	4553	4553	998	973	973
sad	205326	2807	1517	1515	22809	22299	22244	1677	1607	1607
easy	828122	70966	68848	68843	29012	28507	28506	4516	4352	4352
lackluster	12883	10	1	1	322	322	322	61	61	61
corrupt	64471	865	588	588	1147	1047	1047	1184	1056	1056
incorrect	50650	481	361	361	1178	1040	1040	835	835	835
evocative	4354	13	3	3	169	169	169	180	161	161
dangerous	254118	3170	2448	2448	9821	9645	9645	1652	1630	1630
constructive	25482	770	570	570	622	621	621	336	333	333
catastrophic	29002	326	265	265	79	79	79	37	37	37
rewarding	24464	236	235	235	2358	2307	2307	306	282	282
galling	1717	8	4	4	74	74	74	1	1	1
dumb	73440	2027	1481	1476	2241	2166	2157	568	532	532
abundant	19117	164	108	108	176	170	170	96	96	96
flattering	13265	862	826	826	1080	1068	1068	193	177	177
feisty	7585	30			90	76	76	114		
unfriendly	6133	2	2	2	298	292	292	18	18	18
critical	380736	2547	1894	1894	13764	13686	13686	2751	2514	2514
inspirational	29845	266	162	162	493	477	477	525	525	525
excruciating	7344	25	25	25	28	26	26			
blunt	36715	97	71	71	828	824	824	765	753	753
ignominious	754									
fashionable	33135	279	220	220	718	712	712	43	43	43
appropriate	170526	6641	6382	6382	1753	1695	1695	1248	1243	1243
hopeless	26509	235	203	203	684	550	550	151	150	150
hysterical	5795	66	58	58	44	43	43	169	169	169
ample	23715	258	256	256	43	41	41	25	25	25
horrendous	11172	69	53	53	66	66	66	391	391	391
merry	12088	161	125	125	50	48	48	15	15	15
dynamic	188369	763	407	407	3408	2994	2994	509	446	446
scandalous	5624	50	35	35	30	30	30	23	23	23
admirable	7193	84	82	82	284	270	270	59	49	49
pleasurable	3954	30	27	27	837	837	837	6	6	6
cruel	32995	292	207	207	528	518	518	315	314	314
sweet	241525	1285	863	863	6634	6473	6466	1277	1200	1200
daring	21895	206	159	159	420	388	388	178	174	174
useless	50310	1037	490	490	5402	5323	5323	3717	3701	3701
clear	709382	70209	67420	67418	27108	26555	26555	8127	7868	7868
amazing	494755	2317	1365	1365	6257	5685	5685	11319	10963	10961
premier	274847	539	317	317	102	53	53	53	53	53
insulting	48534	956	916	916	1563	1293	1293	358	348	348
improper	36087	187	121	121	318	302	302	19	19	19
excessive	59507	915	739	739	254	220	220	51	51	51
dreary	4981	12			44	44	44	16	16	16
frail	6607	141	81	81	194	192	192	4	4	4
false	199368	2187	1894	1894	6818	5114	5114	1428	1426	1426
decrepit	3037	29	1	1				1104	1104	1104
dignified	5186	133	85	85	129	126	126	6	6	6
unmatched	13522	15	3	3	76	76	76	4	4	4
grand	552509	1940	1756	1750	751	710	710	121	116	116
valuable	130002	934	709	709	5055	5000	5000	790	790	790
excellent	294293	885	631	631	3001	2208	2208	2055	2003	2003
awful	83362	1015	700	700	1942	1707	1707	2579	2556	2546
believable	9285	243	197	197	389	385	385	176	176	176
illegal	290063	5455	4785	4781	1059	1006	1006	530	502	502
efficient	147729	1404	1229	1229	7040	6955	6955	590	590	590
impolite	1065	110	83	83	247	247	247	263	263	263
archaic	4184	25	4	4	65	65	65	39	39	39
illicit	17452	36	16	16				26	26	26
blithe	576									
horrid	4137	17	17	17	125	125	125	149	149	149
eminent	19480	101	55	55	41	35	35	31	31	31
impure	1232	15	15	15				12	12	12
evil	113413	2792	2229	2203	879	817	817	895	835	835
barbaric	7227	108	87	87	16	16	16	91	91	91
credible	30147	3743	3674	3674	1156	1154	1154	116	106	106
dedicated	218635	1289	1213	1213	1856	1653	1653	2011	916	916
equitable	6519	167	156	156	8	8	8	16	16	16
invaluable	20479	9			270	166	166	77	57	57
cheerful	11766	43	34	34	231	225	225	70	70	70
frazzled	2271	105	105	105	22	22	22			
amusing	19511	135	81	81	3483	3428	3428	270	270	270
impertinent	234									
inefficient	9367	59	43	43	969	969	969	484	484	484
comfortable	178729	9284	8657	8657	9537	9400	9400	3228	3166	3166
delicious	69742	390	302	302	1153	1064	1064	1902	1883	1883
inappropriate	63037	799	570	570	8707	8531	8531	2158	2154	2154
distressing	6178	40	30	30	554	554	554	108	107	107
legendary	100544	281	200	200	91	78	78	106	81	81
immoderate	481	19	19	19	20	20	20	4	4	4
correct	219266	7796	7013	7013	1663	1498	1492	3580	3546	3546
wonderful	229786	662	449	449	3267	2994	2994	3972	3384	3384
clunky	4111	112	77	77	102	102	102	78	78	78
comely	584									
toxic	76087	1027	979	979	3085	3011	3011	409	399	399
lousy	8405	40	30	30	195	195	195	42	42	42
ill-fated	8628									
notorious	38584	266	70	70	102	90	90	30	8	8
vicious	21560	271	111	111	138	138	138	217	217	217
inspiring	77161	426	386	386	2378	2258	2258	1745	1693	1693
cheery	3344	32	16	16	44	28	28	30	30	30
worthless	16864	684	168	168	531	439	439	215	211	211
praiseworthy	777	135	135	135	2	2	2	16	16	16
diplomatic	81102	755	716	716	249	241	241	49	49	49
cheesy	10482	121	115	115	117	109	109	364	364	364
forceful	10183	2297	2197	2197	61	61	61	111	111	111
peculiar	16870	225	186	186	628	620	620	161	161	161
bountiful	4103	7	7	7	95	94	94	57	57	57
earnest	30371	253	22	22	171	163	163	95	87	87
unsavory	2020	1	1	1	49	49	49			
dazzling	17582	24	16	16	68	12	12	150	110	110
crisp	26491	653	521	521	284	243	243	196	196	196
adversarial	3270	28	18	18	68	68	68	33	33	33
exceptional	84811	582	510	510	799	761	761	927	861	861
chilly	11768	253	105	105	267	267	267	12	12	12
auspicious	8542	113	107	107	232	232	232	10	10	10
indecent	13066	83	75	75	13	13	13	12	12	12
propitious	215	30								
mindless	6308	164	122	122	9	9	9	9	9	9
depraved	2221	33	14	14	46	46	46	26	26	26
inexcusable	2093	14	2	2	99	53	53	28	28	28
awkward	63466	603	390	384	1718	1689	1689	1157	1143	1143
derogatory	10606	75	72	72	60	60	60			
neat	30680	309	233	233	2793	2751	2751	116	110	110
accurate	135946	6182	5687	5685	7053	6237	6236	3252	3208	3208
nice	624684	8040	5855	5855	72574	72109	72062	3053	2938	2938
offensive	256142	2528	2121	2120	2085	2035	2035	2976	2920	2920
inept	5438	42	8	8	274	102	102	347	331	331
fresh	385824	2220	1842	1842	1048	963	963	980	946	946
haphazard	3650	19	9	9	40	40	40	13	13	13
measly	3197	42	42	42						
sublime	6413	20	5	5	20	19	19	108	108	108
stupid	171650	5181	3902	3900	6193	5970	5969	3067	3038	3038
dauntless	526									
cohesive	5872	83	81	81	131	124	124	88	88	88
posh	13598	244	236	236	202	197	197	63	63	63
infamous	50331	103	10	10	27	21	21	16		
anxious	54984	1130	981	981	1724	1664	1664	215	201	201
freakish	1766				28	28	28			
puzzling	7332	13	12	12	345	343	343	20	20	20
inconceivable	8427	347	344	344	21	21	21	76	76	76
nauseating	1666	1	1	1	28	28	28	1	1	1
accessible	91832	2947	2083	2083	1185	1035	1035	69	32	32
authoritative	6863	42	42	42	86	86	86	4	4	4
anemic	5268	6	6	6	88	88	88	102	102	102
impractical	4306	80	7	7	376	343	343	140	132	132
reprehensible	2945	24	6	6	113	113	113	40	40	40
brazen	8099	8	8	8	70	26	26	286	286	286
glorious	62321	140	101	101	167	146	146	347	333	333
generous	47326	242	199	199	5660	5642	5642	1180	1180	1180
ill-formed	60									
adorable	73690	413	118	118	1110	1015	1015	1744	1674	1674
boring	80156	2609	1793	1793	4524	4400	4400	1175	1097	1097
consistent	114580	6158	5142	5142	1958	1921	1921	1201	1165	1161
incoherent	4083	82	10	10	110	92	92	155	155	155
dismal	18166	40	24	24	101	101	101	71	67	67
engrossing	2348				64	64	64	90	90	90
formidable	18583	53	33	33	208	208	208	98	98	98
abusive	33437	256	199	199	897	870	870	55	55	55
flimsy	5010	89	67	67	138	122	122	63	10	10
benevolent	3631	64	60	60	70	70	70	10	10	10
mediocre	18595	220	101	101	634	634	634	115	95	95
intricate	16849	87	87	87	265	205	205	253	253	253
ambiguous	7375	172	155	155	159	117	117	52	52	52
unlimited	57927	1030	758	758	84	44	44	107	107	107
adroit	469				22	22	22	14	14	14
apocalyptic	10192	16	14	14	1	1	1	28	12	12
weird	170089	2282	1533	1533	10315	10195	10195	1246	1219	1219
successful	429457	8198	7059	7059	27599	27249	27249	6109	6099	6099
tortuous	1520				24	24	24	16	16	16
clueless	21997	187	109	109	1448	1258	1258	1283	672	672
egregious	7838	46	41	41	197	197	197	25	15	15
bearish	13691	91	80	80	381	375	375	92	92	92
blockbuster	31320	107	57	57	64	63	63	2	2	2
erratic	13959	34	2	2	572	572	572	134	134	134
aggravating	3068	70	68	68	178	164	164	72	68	68
dashing	6489	29	11	11	50	50	50	20	20	20
cushy	1919	2	2	2	6	6	6	2	2	2
abrasive	3247	60	58	58	114	114	114	6	6	6
provocative	23717	24	24	24	232	211	211	193	157	157
ill-conceived	1672	18	18	18	16	16	16	36	34	34
ambivalent	3759	23	23	23	51	51	51	4	4	4
misguided	10277	54	37	37	157	126	126	182	172	172
pompous	1748	56	48	48	11	11	11	27	27	27
charitable	32057	468	355	355	146	146	146	54	54	54
hypocritical	13116	332	134	134	370	334	334	350	316	316
spellbinding	1318	2	2	2	2	2	2	8	8	8
dependable	9414	184	161	161	174	172	172	76	76	76
titillating	350							6	6	6
nifty	14370	40	18	18	138	60	60	4	4	4
blissful	5575	10			3	3	3	37	37	37
adequate	46066	5560	5242	5242	262	256	256	347	347	347
gooood	634				7	7	7			
appalling	15325	123	4	4	202	168	168	310	235	235
exorbitant	5328	231	220	220	1			30	30	30
bloody	68733	791	638	638	689	686	686	299	294	294
brutish	645									
expansive	14457	35	31	31	36	36	36	61	55	55
baseless	7525	82	63	63	412	409	409	142	142	142
ridiculous	83224	1117	809	809	1910	1778	1778	2477	2384	2384
healthy	357946	5780	4343	4343	5606	5097	5097	3034	2972	2972
monotonous	2518	181	179	179	146	146	146			
buoyant	5174	28	28	28	141	95	95	53	7	7
fancy	68003	1906	1813	1813	936	910	910	34	9	9
remarkable	90029	443	248	248	1650	1551	1551	2393	2267	2267
delightful	22613	79	47	47	354	324	324	320	319	319
popular	601293	5193	4671	4671	40118	39848	39848	7633	7547	7547
criminal	296751	8778	8263	8263	731	612	612	51	35	35
lamentable	660	40	40	40						
cute	263308	30915	30231	30231	9014	8763	8762	1330	1287	1287
irresistible	7365	12			112	112	112	106	90	90
fusty	814									
repulsive	2811	123	99	99	78	60	60	98	98	98
slick	19141	427	331	331	486	474	474	21	19	19
ineffective	17133	274	84	84	701	597	597	493	493	493
catchy	9504	95	75	75	419	411	411	342	342	342
fanciful	3215	25	24	24	44	42	42			
unpleasant	15912	357	255	255	1778	1702	1702	245	242	242
invincible	5962	258	235	235	59	53	53	4	2	2
complacent	6539	1039	931	931	101	97	97	7	7	7
banal	1803	34	33	33	24	24	24	50	38	38
hilarious	56968	230	113	113	633	501	501	1196	1086	1086
unfit	30156	103	81	81	1398	491	491	1342	437	437
woeful	3837	2	2	2	10	8	8	21	21	21
astounding	16352	14	5	5	163	123	123	299	293	293
illogical	5473	87	45	45	545	491	491	103	97	97
pointless	39304	18867	18759	18759	927	763	763	470	458	458
lively	39033	88	59	59	511	494	494	6	6	6
depressing	17518	207	188	188	997	983	983	189	167	167
gruesome	18729	27	25	25	85	77	77	56	56	56
bonny	1982							4	4	4
fruitless	2416	10	9	9	24	24	24			
capable	150811	4396	4214	4214	6473	6098	6098	1572	1379	1379
intriguing	64022	125	90	90	2331	2323	2323	656	589	589
baffling	6031	84	25	25	199	199	199	31	31	31
divine	38038	503	414	414	130	111	111	251	241	241
vulgar	20036	100	77	77	146	143	143	129	129	129
decadent	4064	6	5	5	26	26	26	209	209	209
instructive	2990	89	49	49	434	428	428	95	85	85
cool	409374	5666	4722	4719	35795	35423	35422	3230	3136	3136
notable	66563	1150	859	859	1082	1064	1064	2	2	2
favourite	162254	866	650	650	606	548	548	62	52	52
accursed	762									
luminous	6249	14	7	7	42	40	40	16		
revolting	1603	5	3	3	29	13	13	57	57	57
immature	9271	100	72	72	501	482	482	126	103	103
monstrous	7081	42	19	19	661	653	653	74	70	70
enjoyable	34450	705	630	630	3339	3273	3273	562	420	420
fine	545427	7325	2143	2143	9161	8827	8825	14306	14245	14245
convincing	51187	1456	1394	1394	2522	2440	2440	291	289	289
troublesome	9228	133	120	120	964	964	964	66	66	66
captivating	13812	7	4	4	148	148	148	361	303	303
reliable	107964	4005	3510	3510	4872	4552	4552	487	455	455
instable	40									
conciliatory	2746	37	25	25	3	3	3	6	6	6
unbearable	10308	108	80	80	65	25	25	23	23	23
enchanting	5822	28	6	6	63	61	61	188	186	186
world-famous	5989	4	4	4						
forlorn	1863	88	26	26	46	2	2			
enthusiastic	37813	499	469	469	2372	2213	2213	292	292	292
joyful	10505	21	17	17	594	566	566	89	89	89
amiable	1667				35	35	35	28	28	28
complex	301317	1703	832	832	9377	8754	8754	3979	3835	3835
compulsive	5573	49	47	47	56	56	56	8	6	6
durable	24926	286	163	163	1841	1836	1836	630	618	618
bleak	14337	263	67	67	205	195	195	75	68	68
glamorous	21481	644	610	610	330	314	314	142	128	128
foolish	17249	704	270	270	513	465	465	183	150	150
exellent	196									
inaccurate	19880	356	245	245	1596	1537	1537	1300	1276	1276
flagrant	3522	20	20	20				8	8	8
ardent	7656	6	6	6	6	6	6	28	28	28
sharp	132034	1057	951	951	2452	2427	2427	532	528	528
affirmative	7541	103	99	99						
fearsome	6854	36	32	32	15	15	15	91	91	91
derisive	404				1	1	1	14	14	14
encouraging	82042	1147	1077	1077	4032	3981	3981	183	163	163
gorgeous	109642	325	196	196	1672	1435	1435	4489	4398	4394
painful	65115	911	644	644	3943	3883	3883	1948	1924	1924
brutal	73491	117	36	35	1719	1582	1582	467	407	407
acclaimed	54735	40	4	4	3646	3342	3342	51	14	14
coarse	5478	22			89	89	89	48	48	48
convienient	23									
cataclysmic	1766	14	14	14						
superior	120630	743	645	645	2002	1857	1857	409	408	408
miserable	31079	323	110	110	570	548	546	305	297	297
compassionate	15801	151	147	147	245	243	243	72	72	72
outstanding	157829	624	440	440	1455	1369	1369	953	922	922
creative	252938	1266	944	944	3014	2720	2720	745	712	712
damnable	180									
ill-advised	6089	63	50	50	22	16	16			
unattractive	6471	111	84	84	572	569	569	81	65	65
hurting	35923	1670	1619	1619	586	416	416	160	136	136
god-awful	741				12	12	12	2	2	2
incompetent	13412	252	165	165	592	589	589	431	430	430
exhilarating	6702	18			75	75	75	82	72	72
marvellous	5598	19			191	191	191	296	296	296
delectable	3014				29	29	29	8	8	8
senseless	7077	52	39	39	41	41	41	58	57	57
high-quality	54014	129	59	59	216	180	180	83	59	59
barbarously	11									
awesome	279928	987	633	633	6494	6069	6068	4675	4393	4393
exquisite	15443	43	31	31	90	86	86	264	244	244
inexpensive	31260	482	395	395	1213	1153	1153	236	221	221
irksome	3359	8	8	8	3005	3005	3005	2	2	2
prohibitive	3388	358	358	358	30	30	30	26	26	26
revolutionary	72253	519	424	424	141	124	124	540	532	532
illustrious	7845	28	28	28	38	38	38			
acrimonious	1775	3	3	3	169	169	169			
poignant	12778	94	90	90	311	308	308	317	299	299
meticulous	8371	127	118	118	303	303	303	43	43	43
ebullient	422									
quaint	10504	10	8	8	142	142	142	55	55	55
wrong	678465	13800	11730	11730	32611	31951	31925	12562	12379	12363
comprehensive	190561	1381	1243	1243	1080	949	949	361	352	352
abnormal	18069	628	580	580	1031	1031	1031	602	602	602
fascinating	64813	107	60	60	2987	2901	2897	1175	1152	1152
significant	495977	14779	14238	14238	10162	10095	10095	773	771	771
ideal	170608	6845	6699	6699	705	487	487	162	146	146
irrational	12733	472	428	428	253	221	221	74	74	74
competitive	247094	2352	1969	1969	14147	14092	14078	1596	1534	1534
intelligent	87906	988	744	744	5313	5262	5262	652	646	646
aimless	1215	33	33	33	4	4	4	4	4	4
cursed	16845	716	651	651	67	39	39	17	13	13
chintzy	204	96	96	96						
affordable	168900	2433	1015	1015	3544	3404	3404	383	340	340
incredible	255769	347	259	259	1452	1257	1257	3375	3240	3240
inflammatory	34488	454	346	346	127	127	127	20	20	20
crazy	253148	5491	4606	4584	2665	2254	2250	1472	1420	1420
exciting	263335	1790	1633	1633	16298	16159	16159	3092	2965	2965
delinquent	3505	57	51	51						
brand-new	34321	174	146	146	89	89	89	83	83	83
miraculous	14996	122	104	104	16	16	16	100	100	100
dreadful	11868	64	64	64	61	33	33	471	471	471
unacceptable	37603	226	110	110	3984	3945	3945	2670	2635	2635
incongruous	1353				6	6	6	41	41	41
tiresome	3000	37	31	31	116	116	116	1	1	1
distasteful	7064	10	3	3	323	323	323	226	166	166
inconvenient	11684	1025	961	961	875	875	875	69	69	69
sensational	21642	19	17	17	241	239	239	123	123	123
fussy	5487	397	387	387	524	520	520	93	87	87
crude	151453	712	418	418	849	734	734	448	387	387
inventive	6769	22	18	18	291	291	291	129	101	101
pleasing	14625	531	445	445	946	938	938	2328	2318	2318
economical	12382	246	224	224	751	639	639	13	13	13
hideous	31119	109	106	106	43	43	43	102	98	98
superb	52063	365	198	198	945	878	878	689	664	664
disquieting	375				26	26	26	2		
clever	39944	555	477	459	2650	2618	2618	385	377	377
extraordinary	96031	333	276	276	493	460	460	623	596	596
embarrassing	60435	337	246	246	1256	1190	1190	483	438	438
good	3486528	138320	127947	127897	228342	226081	225957	15997	15800	15800
faulty	36744	149	86	86	40	34	34	32	32	32
unfortunate	61860	437	137	137	3834	3810	3810	137	137	137
desirable	30417	1765	1476	1476	2866	2832	2832	42	42	42
arrogant	14519	594	547	547	337	314	314	144	138	138
nimble	6027	54	38	38	103	103	103	69	54	54
genuine	83764	3647	3310	3310	925	896	896	151	138	138
atrocious	4648	66	66	66	90	90	90	288	288	288
jarring	7774	61	18	18	106	106	106	18	18	18
exaggerated	20882	162	134	134	2127	2127	2127	428	402	402
crabby	925	5	5	5	96	96	96	24	24	24
striking	98865	392	193	193	688	636	636	162	92	92
joyous	6820	53	28	28	209	129	129	32	32	32
respectable	11326	139	108	108	526	526	526	145	145	145
funny	338748	13503	12077	12069	12083	11511	11499	2158	2067	2067
insincere	2296	86	6	6	10	10	10	2	2	2
peculiarly	1909	44	44	44						
erroneous	4989	34	4	4	37	25	25	38	38	38
wretched	8670	18	10	10	12	2	2	296	296	296
meaningless	17212	434	271	271	494	435	435	227	213	213
rich	326573	2647	1921	1921	5891	5537	5537	1226	1132	1132
sickening	8842	19	17	17	225	222	222	122	122	122
imprudent	1071	30	4	4	2	2	2			
ingenious	6613	30	29	29	126	126	126	14	6	6
aggressive	126653	2447	2301	2301	4475	4415	4415	1047	1017	1017
affluent	13094	57	56	56	249	245	245	2	2	2
carefree	8119	17	11	11	108	101	101	14	6	6
accidental	23010	713	581	581	15	12	12	76	68	68
awsome	1704	11	3	3	23	15	15	34	34	34
discouraging	6475	40	30	30	613	503	503	66	66	66
absurd	30884	232	173	173	991	849	849	717	676	676
devout	8667	23	23	23	191	191	191	488	488	488
conscientious	4184	81	78	78	226	226	226			
terribleness	174	2								
incomparable	2906				1	1	1	51	51	51
fast	551502	16979	13951	13941	16210	15715	15712	3394	3322	3322
lovable	5703	67	48	48	75	65	65	12	12	12
classy	18604	154	72	72	894	858	858	62	61	61
masterful	6065	21	3	3				8	8	8
perverse	2661	3	3	3	15	9	9	7	7	7
ignoble	1856									
memorable	57954	337	158	158	1624	1600	1600	600	519	519
courtly	253				1	1	1			
nasty	55238	436	245	243	3075	3046	3046	267	266	266
appealing	72862	1077	967	967	2063	1983	1983	604	574	574
inconsistent	25128	198	163	163	976	940	940	366	366	366
renowned	83141	242	70	70	1172	1146	1146	2	2	2
graceless	636				2	2	2			
bitter	55196	930	726	726	1305	1285	1285	145	133	133
feckless	2853	13	13	13						
reputable	21547	347	303	303	1347	1336	1336	49	49	49
irritating	16903	100	87	87	2923	2903	2903	402	260	260
defective	17263	200	118	118	33	28	28	59	40	40
frantic	16758	23	13	13	191	191	191	87	83	83
astonishing	28414	9	2	2	171	132	132	422	422	422
coherent	14336	542	540	540	215	175	175	110	110	110
immense	28329	53	3	3	45	8	8	110	110	110
courageous	19022	177	150	150	663	607	607	91	75	75
moribund	2335	4	4	4	19	19	19			
tawdry	701	50	50	50						
opulent	3225	3			32	32	32	23	23	23
breathtaking	21626	56	14	14	222	207	207	561	554	554
imposing	26595	365	364	364	158	157	157	208	197	197
austere	3335	10	10	10						
suitable	72468	14179	14054	14054	1397	1379	1379	706	706	706
halfhearted	433									
naughty	18117	112	94	94	510	475	475	60	55	55
affectionate	4697	161	82	82	440	437	437	237	237	237
garish	935	9	9	9	6	6	6	74	74	74
loathsome	1148				21	21	21	2	2	2
important	1119525	14367	10072	10071	84097	83551	83551	5090	4934	4934
bizarre	72830	318	139	139	1282	1163	1163	2705	2696	2696
bewildering	1728	2			226	192	192	13	13	13
charismatic	12492	537	537	537	272	272	272	18	18	18
regrettable	2775	5	1	1	159	159	159	4	4	4
supurb	34									
dull	24059	1534	1337	1337	727	702	702	432	332	332
goood	685	2	1	1	20	20	20	2	2	2
disastrous	33590	125	115	115	218	174	174	48	48	48
dismaying	1044				8	6	6			
horrific	40887	188	131	131	434	407	407	395	387	387
deceptive	10530	424	390	390	521	521	521	38	38	38
desultory	352									
lavish	16976	52	44	44	141	128	128	74	74	74
magnificent	49554	162	84	84	350	163	163	623	551	551
brash	10107	99	99	99	62	46	46	10	10	10
confusing	41258	505	428	428	2690	2635	2635	1071	1007	1007
belligerent	3035	36	36	36	24	16	16	5	5	5
marvelous	13208	22			109	90	90	369	369	369
impetuous	547									
expensive	285420	6278	5393	5393	20203	19948	19936	3792	3691	3691
primitive	10022	45	35	35	213	192	192	71	53	53
fortuitous	2896	4	4	4	19	19	19	7	7	7
terrific	43033	801	793	793	612	610	610	713	655	655
optimal	28500	915	852	852	128	108	108	12	12	12
irresponsible	14632	319	174	174	929	894	894	706	706	706
addictive	13601	349	332	332	1046	1031	1031	827	823	823
disconcerting	2654	56	2	2	213	209	209	26	22	22
stunning	179062	443	215	215	2159	632	632	5405	5039	5039
famous	272615	2561	1823	1823	3087	2873	2873	449	385	385
monumental	14901	106	36	36	1	1	1	103	97	97
insignificant	11838	1291	1265	1265	416	335	335	47	23	23
detestable	575				10	10	10	3	3	3
charming	39721	193	93	93	1033	954	954	509	490	490
disturbing	46706	840	805	805	3249	3241	3241	838	778	778
hapless	6180				24	1	1	1	1	1
imperfect	7619	13	3	3	73	63	63	487	471	471
sexy	117515	1373	893	893	2936	2732	2730	760	754	754
friggin	3718	49	49	49	36	36	36	4	4	4
comfy	16062	244	196	196	614	581	581	48	44	44
alluring	7351	151	149	149	233	233	233	272	272	272
jolly	10556	26	18	18	11	11	11	2	2	2
outrageous	33844	347	319	319	416	378	378	571	566	566
harmful	39513	1628	1548	1548	591	587	587	263	260	260
beastly	1238	49	49	49	8	8	8	4	4	4
agreeable	3151	95	87	87	193	193	193	74	74	74
worrisome	8415	25	19	19	979	979	979	1	1	1
grotesque	7292	27	3	3	24	12	12	33	21	21
eager	78699	1240	1200	1200	1261	1213	1213	415	415	415
easygoing	1736				100	49	49	40		
stellar	37842	414	395	395	125	122	122	253	253	253
illegitimate	6224	399	344	344	26	26	26	4	4	4
exasperating	640	36			54	54	54			
immaculate	10045	40	19	19	6	4	4	161	134	134
flaky	2559	47	43	43	113	113	113	38	38	38
brisk	10505	86	24	24	109	107	107	27	27	27
effusive	784							18	18	18
disasterous	183				1	1	1	4	4	4
boundless	3338	15	3	3				27	27	27
colorful	54548	218	194	194	1293	1263	1263	644	586	586
perfect	603381	33606	32260	32256	2171	1981	1981	2309	2247	2247
tenacious	6286	24	24	24	26	26	26	13	13	13
obnoxious	8004	205	200	200	267	207	207	78	68	68
alarming	31019	285	190	190	1010	1003	1003	77	71	71
clumsy	6215	101	91	91	276	274	274	93	92	92
classic	334434	1249	687	687	569	406	406	278	197	197
peerless	1634									
grating	1498	12			47	47	47	18	18	18
radiant	15578	41	33	33	46	34	34	49	49	49
exuberant	5716	34	34	34				23	23	23
superficial	9865	211	134	134	334	334	334	114	114	114
courteous	3502	81	51	51	258	236	236	34	34	34
abominable	2780	12	4	4	2	2	2	12	12	12
powerful	368887	1862	1263	1263	9784	9377	9377	2935	2912	2912
intuitive	24707	316	315	315	651	615	615	120	105	105
degenerate	3172	100	97	97	12	12	12	12	12	12
pleasant	51179	2708	2639	2639	3644	3585	3585	1342	1334	1334
negative	223697	3330	2926	2926	3181	3124	3124	1082	899	899
frustrating	63794	537	101	101	8003	7952	7952	907	884	884
sensible	26226	501	412	412	789	707	707	595	541	541
unintelligible	1533	8	8	8	8	8	8	21	21	21
spectacular	92395	803	756	756	1074	1030	1030	810	805	805
pathetic	30699	145	115	115	819	737	737	876	854	853
brainy	853	4	4	4	13	12	12			
creepy	32173	570	498	498	1046	1014	1014	560	541	541
fake	166617	6657	6345	6345	778	593	582	380	378	370
fanatic	24224	77	70	70	2			8		
bad	3619584	242076	225851	225725	179050	175193	174872	16033	15575	15569
