accursed	762	
barbarously	11	
blithe	576	
brutish	645	
comely	584	
convienient	23	
damnable	180	
dauntless	526	
desultory	352	
dirt-cheap	604	
ebullient	422	
ergonomical	45	
exellent	196	
fusty	814	
halfhearted	433	
ignoble	1856	
ignominious	754	
ill-fated	8628	
ill-formed	60	
impertinent	234	
impetuous	547	
inelegant	345	
inestimable	347	
instable	40	
item	frequency	
peerless	1634	
propitious	215	
supurb	34	
terribleness	174	
topnotch	242	
tragical	16	
worth-while	36	
aching	4625	1.25405405405405	0	0
affirmative	7541	1.31282323299297	0	0
austere	3335	0.299850074962519	0	0
bonny	1982	0.201816347124117	0	0
cataclysmic	1766	0.792751981879955	0	0
chintzy	204	47.0588235294118	0	0
courtly	253	0.395256916996047	0	0
delinquent	3505	1.45506419400856	0	0
dexterous	831	3.36943441636582	0	0
disapointing	66	31.8181818181818	0	0
dismaying	1044	0.574712643678161	0	0
disquieting	375	6.93333333333333	0	0
easygoing	1736	2.82258064516129	0	0
effusive	784	2.29591836734694	0	0
erudite	1705	5.16129032258065	0	0
exagerated	74	4.05405405405405	0	0
exasperating	640	8.4375	0	0
eyecatching	131	1.52671755725191	0	0
fanatic	24224	0.288969616908851	0	0
feckless	2853	0.455660708026639	0	0
feisty	7585	1.00197758734344	0	0
felicitous	55	3.63636363636364	0	0
forbidding	2318	0.258843830888697	0	0
freakish	1766	1.58550396375991	0	0
gainful	966	1.0351966873706	0	0
gooood	634	1.10410094637224	0	0
graceless	636	0.314465408805031	0	0
lamentable	660	6.06060606060606	0	0
measly	3197	1.31373162339693	0	0
peculiarly	1909	2.30487166055526	0	0
stately	4653	0.816677412422093	0	0
tawdry	701	7.13266761768902	0	0
titillating	350	1.71428571428571	0	0
world-famous	5989	0.06678911337452	0	0
supreme	177887	0.0933176679577485	0.00562154626251497	0.00899447402002395
monumental	14901	0.241594523857459	0.00671095899604053	0.650963022615932
apocalyptic	10192	0.137362637362637	0.0098116169544741	0.117739403453689
hapless	6180	0.0161812297734628	0.0161812297734628	0
premier	274847	0.115336896527886	0.0192834558863659	0.0192834558863659
wretched	8670	0.115340253748558	0.0230680507497117	3.41407151095732
immense	28329	0.0105898549189876	0.0282396131173003	0.388294680362879
mighty	42376	0.0448367000188786	0.0330375684349632	0.0707947895034925
fraudulent	24019	0.661975935717557	0.0333069653191224	0.0249802239893418
immaculate	10045	0.189148830263813	0.039820806371329	1.33399701343952
infamous	50331	0.0198684707238084	0.0417237885199976	0
accidental	23010	2.52498913515863	0.0521512385919166	0.295523685354194
bombastic	3320	0.0602409638554217	0.0602409638554217	1.1144578313253
imprecise	1620	5.92592592592593	0.0617283950617284	0
dazzling	17582	0.0910021613013309	0.0682516209759982	0.62563985894665
top-notch	7320	0.163934426229508	0.0683060109289618	0.109289617486339
abominable	2780	0.143884892086331	0.0719424460431655	0.431654676258993
zippy	1389	0.0719942404607631	0.0719942404607631	0
unparalleled	16521	0.0847406331335876	0.0726348284002179	0.484232189334786
unlimited	57927	1.30854351166123	0.0759576708616017	0.184715245049804
legendary	100544	0.198917886696372	0.077577975811585	0.0805617441120306
ardent	7656	0.0783699059561128	0.0783699059561128	0.365726227795193
faulty	36744	0.234051817983889	0.0925321140866536	0.0870890485521446
gaudy	2114	0.662251655629139	0.0946073793755913	22.8003784295175
heavenly	13191	0.0454855583352286	0.0985520430596619	0.333560761125009
impeccable	8094	0.420064245119842	0.098838645910551	0.728935013590314
indecent	13066	0.57400887800398	0.0994948721873565	0.0918414204806368
jolly	10556	0.170519136036377	0.104206138688897	0.0189465706707086
miraculous	14996	0.693518271539077	0.10669511869832	0.666844491864497
forlorn	1863	1.39559849704777	0.107353730542136	0
conciliatory	2746	0.910415149308085	0.10924981791697	0.21849963583394
indeterminate	1776	0.900900900900901	0.112612612612613	0
majestic	17548	0.666742648734899	0.113973102347846	0.0797811716434921
classic	334434	0.205421697554674	0.121399140039589	0.0589054940586184
equitable	6519	2.39300506212609	0.122718208314159	0.245436416628317
defunct	14210	1.37227304714989	0.126671358198452	0
grand	552509	0.316736921932493	0.128504694041183	0.0209951331109538
masterful	6065	0.0494641384995878	0.131904369332234	0
hideous	31119	0.340627912207976	0.138179247405122	0.314920145248883
mindless	6308	1.93405199746354	0.142675967025999	0.142675967025999
illicit	17452	0.0916800366720147	0.148980059592024	0
spellbinding	1318	0.151745068285281	0.151745068285281	0.606980273141123
defective	17263	0.683542837282048	0.162196605456757	0.231709436366796
grotesque	7292	0.0411409764125069	0.164563905650027	0.287986834887548
revolutionary	72253	0.586826844560087	0.17161917152229	0.736301606853695
ample	23715	1.07948555766393	0.172886358844613	0.105418511490618
loathsome	1148	1.82926829268293	0.174216027874564	0
frightful	1136	1.84859154929577	0.176056338028169	0
eminent	19480	0.282340862422998	0.179671457905544	0.159137577002053
plentiful	7744	1.03305785123967	0.180785123966942	0.361570247933884
imprudent	1071	0.373482726423903	0.186741363211951	0
blockbuster	31320	0.181992337164751	0.201149425287356	0.00638569604086846
criminal	296751	2.78448935302661	0.206233508901402	0.011794400018871
confounding	3869	0.103385887826312	0.206771775652623	0.284311191522357
woeful	3837	0.0521240552514986	0.208496221005994	0.547302580140735
nefarious	5698	1.73745173745174	0.210600210600211	0.737100737100737
proper	165317	7.28600204455682	0.215343854534016	0.0756123084740226
radiant	15578	0.2118372063166	0.218256515598922	0.31454615483374
fearsome	6854	0.466880653632915	0.218850306390429	1.3276918587686
barbaric	7227	1.20381901203819	0.22139200221392	1.25916701259167
abrupt	24734	0.274925204172394	0.222365973962966	0
flagrant	3522	0.56785917092561	0.227143668370244	0
stifling	7013	1.2975901896478	0.22814772565236	6.01739626408099
ethical	33066	0.813524466219077	0.229843343615799	0.11794592632916
cursed	16845	3.8646482635797	0.231522707034728	0.0771742356782428
angelic	5612	0.819672131147541	0.231646471846044	0.0712758374910905
notorious	38584	0.181422351233672	0.233257308729007	0.0207339829981339
glorious	62321	0.162064151730556	0.234270952006547	0.534330322042329
unbearable	10308	0.776096235933256	0.242530073729142	0.223127667830811
expansive	14457	0.214428996333956	0.249014318323304	0.380438541882825
inconceivable	8427	4.08211700486531	0.249199003203987	0.90186305921443
decisive	30060	0.555555555555556	0.249500998003992	0.0898203592814371
fresh	385824	0.477419756158248	0.249595670564817	0.245189516463465
praiseworthy	777	17.3745173745174	0.257400257400257	2.05920205920206
brand-new	34321	0.425395530433262	0.25931645348329	0.241834445383293
ill-advised	6089	0.821152898669732	0.262768927574314	0
delectable	3014	0.962176509621765	0.26542800265428	0
god-awful	741	1.61943319838057	0.269905533063428	0
catastrophic	29002	0.913730087580167	0.27239500724088	0.127577408454589
dreadful	11868	0.539265251095383	0.278058645096057	3.96865520728008
invaluable	20479	0.81058645441672	0.278333903022609	0
invigorating	2149	0.0465332712889716	0.27919962773383	0
ideal	170608	3.92654506236519	0.285449685829504	0.0855762918503235
grisly	6863	0.0291417747340813	0.291417747340813	0
divine	38038	1.08838529891161	0.291813449708187	0.633576949366423
sublime	6413	0.0779666302822392	0.296273195072509	1.68407921409637
diplomatic	81102	0.882838894231955	0.29715666691327	0.0604177455549801
concise	59562	0.00335784560625902	0.302206104563312	0.0318995332594607
sufficient	60831	15.3457940852526	0.307409051306077	0.14301918429748
luxuriant	324	0.308641975308642	0.308641975308642	0
cushy	1919	0.104220948410631	0.312662845231892	0.104220948410631
brazen	8099	0.0987776268675145	0.321027287319422	3.53130016051364
dreary	4981	0.883356755671552	0.321220638426019	0
favorite	519769	0.384978711696927	0.322258541775289	0.0692615373367785
stellar	37842	1.04381375191586	0.322393108186671	0.66856931451826
perfect	603381	5.34587598880309	0.328316602610954	0.372401517449174
magnificent	49554	0.169512047463373	0.328934092101546	1.11191831133713
aimless	1215	2.71604938271605	0.329218106995885	0.329218106995885
high-quality	54014	0.109230940126634	0.333246935979561	0.109230940126634
favourite	162254	0.400606456543444	0.337742058747396	0.0320485165234755
perverse	2661	0.112739571589628	0.338218714768884	0.263059000375799
priceless	12069	0.0662855248985003	0.339713315104814	0.65456955837269
illegal	290063	1.6482626188104	0.34682120780658	0.173065851211633
fake	166617	3.80813482417761	0.349304092619601	0.222066175720365
stunning	179062	0.12007014330232	0.35295037473054	2.8141090795367
excruciating	7344	0.34041394335512	0.354030501089325	0
inflammatory	34488	1.00324750637903	0.36824402690791	0.0579911853398283
excessive	59507	1.24187070428689	0.369704404523838	0.0857042028668896
degenerate	3172	3.05800756620429	0.378310214375788	0.378310214375788
optimal	28500	2.98947368421053	0.378947368421053	0.0421052631578947
merry	12088	1.03408338848445	0.397088021178028	0.124090006618134
exuberant	5716	0.59482155353394	0.402379286214136	0
fanatical	4631	6.95314187000648	0.410278557546966	0.431872165838912
sumptuous	3406	0.616559013505578	0.411039342337052	0
gruesome	18729	0.133482834107534	0.411127129051204	0.299001548400876
tenacious	6286	0.381800827235126	0.413617562838053	0.206808781419026
nifty	14370	0.125260960334029	0.417536534446764	0.0278357689631176
illegitimate	6224	5.52699228791774	0.417737789203085	0.06426735218509
blatant	19114	0.528408496390081	0.429004917861253	0.0941718112378361
insincere	2296	0.261324041811847	0.435540069686411	0.0871080139372822
distinguished	45413	0.460220641666483	0.435998502631405	0.0550503159888138
upscale	25134	0.147210949311689	0.437654173629347	0
immodest	449	25.1670378619154	0.44543429844098	5.56792873051225
gross	123124	0.509242714661642	0.445891946330529	0.0869042591208863
brash	10107	0.979519145146928	0.455130107846047	0.098941327792619
charitable	32057	1.10740243940481	0.455438749727049	0.168449948529182
hateful	16877	2.54192095751615	0.456242223143924	0.319962078568466
regal	8707	0.0459400482370506	0.459400482370506	0.206730217066728
astonishing	28414	0.00703878369817696	0.464559724079679	1.48518336031534
noble	34726	0.302367102459252	0.475148303864539	0.325404595979957
extraordinary	96031	0.287407191427768	0.479011985712947	0.620632920619383
deplorable	61746	0.490720046642697	0.481002817996308	0.945810254915298
shabby	5397	21.1413748378729	0.481749119881416	0.389105058365759
illustrious	7845	0.35691523263225	0.484384958572339	0
crude	151453	0.275993212415733	0.484638798835282	0.255524816279638
incredible	255769	0.101263249260075	0.491459090038277	1.26676806024186
flawless	29824	1.07966738197425	0.496244635193133	1.35461373390558
comprehensive	190561	0.652284570295076	0.498003264046683	0.184717754419845
erroneous	4989	0.0801763880537182	0.501102425335739	0.761675686510323
congenial	591	6.76818950930626	0.50761421319797	0
disastrous	33590	0.342363798749628	0.518011312890741	0.142899672521584
detestable	575	1.73913043478261	0.521739130434783	0
unintelligible	1533	0.521852576647097	0.521852576647097	1.36986301369863
belligerent	3035	1.18616144975288	0.527182866556837	0.164744645799012
scandalous	5624	0.622332859174964	0.533428165007112	0.408961593172119
earnest	30371	0.0724375226367258	0.536696190444832	0.286457475881598
free	2069262	0.733739855078767	0.542560584401589	0.387626119843693
adequate	46066	11.3793253158512	0.55572439543264	0.753267051621586
dismal	18166	0.132114939997798	0.555983705824067	0.36882087416052
exquisite	15443	0.200738198536554	0.556886615294956	1.58000388525546
unmatched	13522	0.0221860671498299	0.562047034462358	0.0295814228664399
exorbitant	5328	4.12912912912913	0.563063063063063	0
derogatory	10606	0.678861022062983	0.565717518385819	0
unforgettable	23172	0.00431555325392715	0.573968582772311	2.71448299672018
senseless	7077	0.551080966511234	0.579341528896425	0.805426027977957
imposing	26595	1.36867832299304	0.590336529422824	0.740740740740741
horrendous	11172	0.474400286430362	0.590762620837809	3.49982098102399
impossible	153252	2.88479106308564	0.596403309581604	0.384986819095346
forceful	10183	21.5751743101247	0.599037611705784	1.0900520475302
thrilling	59208	0.0945818132684772	0.611403864342656	0.320902580732333
foul	41576	4.68299018664614	0.613334616124687	0.211660573407735
fabulous	57309	0.157043396325185	0.628173585300738	2.05552356523408
pompous	1748	2.74599542334096	0.62929061784897	1.54462242562929
harmonious	6575	0.608365019011407	0.638783269961977	0.091254752851711
decadent	4064	0.123031496062992	0.639763779527559	5.14271653543307
vicious	21560	0.514842300556586	0.640074211502783	1.00649350649351
luminous	6249	0.112017922867659	0.640102416386622	0
garish	935	0.962566844919786	0.641711229946524	7.9144385026738
striking	98865	0.195215698174278	0.643301471703839	0.093056187730744
ghastly	2953	0.101591601760921	0.643413477819167	0
beastly	1238	3.95799676898223	0.646203554119548	0.323101777059774
fortuitous	2896	0.138121546961326	0.656077348066298	0.24171270718232
blissful	5575	0.0538116591928251	0.663677130044843	0
affable	1797	1.669449081803	0.667779632721202	0
irreplaceable	2681	1.93957478552779	0.671391271913465	0.41029466616934
correct	219266	3.19839829248493	0.680452053669972	1.61721379511643
authentic	65686	1.04740736229942	0.68355509545413	0.430837621410955
prominent	135287	0.355540443649427	0.688166638331843	0.355540443649427
deceitful	4013	0.348866184899078	0.697732369798156	3.6880139546474
opulent	3225	0.992248062015504	0.713178294573643	0
vulgar	20036	0.384308245158714	0.713715312437612	0.643841086045119
brilliant	112527	0.535871390866192	0.719827241462049	2.23679650217281
evil	113413	1.94245809563278	0.720375971008615	0.736247167432305
insufferable	1906	0.629590766002099	0.734522560335782	0.577124868835257
hysterical	5795	1.00086281276963	0.742018981880932	2.91630716134599
audacious	6680	0.0149700598802395	0.748502994011976	1.76646706586826
excellent	294293	0.214412167465757	0.750272687423758	0.680614217803346
astounding	16352	0.0305772994129158	0.75220156555773	1.79182974559687
bewildering	1728	11.1111111111111	0.752314814814815	0
lavish	16976	0.259189443920829	0.754005655042413	0.435909519321395
dedicated	218635	0.554805955130697	0.756054611567224	0.418963112036042
dashing	6489	0.169517645245801	0.770534751117275	0.30821390044691
offensive	256142	0.827665904068837	0.79448118621702	1.13999266032123
festive	20160	0.243055555555556	0.808531746031746	0.471230158730159
boundless	3338	0.0898741761533853	0.808867585380467	0
revolting	1603	0.187149095446039	0.810979413599501	3.55583281347473
moribund	2335	0.171306209850107	0.813704496788009	0
feeble	6191	0.629946696817962	0.823776449685027	0.51687934097884
filthy	14777	0.372200040603641	0.825607362793531	1.65121472558706
imperfect	7619	0.0393752460952881	0.82688016800105	6.18191363696023
improper	36087	0.335300800842409	0.836866461606673	0.0526505389752542
cheery	3344	0.478468899521531	0.837320574162679	0.897129186602871
magical	64756	1.16591512755575	0.838532336771882	1.35431465810118
outstanding	157829	0.27878273321126	0.86739445855958	0.584176545501777
coarse	5478	1.62468054034319	0.876232201533406	0
precious	108435	0.187208927006963	0.87702310139715	0.23147507723521
hilarious	56968	0.198356972335346	0.879441089734588	1.90633338014324
awsome	1704	0.176056338028169	0.880281690140845	1.99530516431925
prohibitive	3388	10.5667060212515	0.885478158205431	0.76741440377804
crazy	253148	1.81079842621707	0.888808128051574	0.560936685259216
invincible	5962	3.94163032539416	0.888963435088896	0.0335457900033546
abundant	19117	0.564942198043626	0.889260867290893	0.502170842705445
provocative	23717	0.101193236918666	0.889657207909938	0.66197242484294
exceptional	84811	0.601337090707573	0.897289266722477	1.01519850019455
prestigious	77899	0.0243905570032991	0.915287744386962	0.233635861821076
fantastic	192793	1.04619981015908	0.916527052330738	1.55607309394013
crisp	26491	1.966705673625	0.917292665433543	0.73987391944434
chic	42129	0.125804077951055	0.920980797075649	0.764319115098863
contemptible	540	25.7407407407407	0.925925925925926	1.11111111111111
horrible	94213	1.1282943967393	0.927685138993557	1.21533121756021
enviable	6929	0.923654206956271	0.938086303939963	0.909222109972579
incomplete	22205	0.283719882909255	0.950236433235758	0.315244314343616
dirty	92356	1.14881545324613	0.951751916497033	0.260946771189744
advanced	336654	0.731314643521241	0.955877547868138	0.141688499171256
ill-conceived	1672	1.07655502392344	0.956937799043062	2.03349282296651
breathtaking	21626	0.0647368907796171	0.95718117081291	2.56173124942199
friggin	3718	1.31791285637439	0.968262506724045	0.107584722969338
frazzled	2271	4.62351387054161	0.968736239542052	0
impure	1232	1.21753246753247	0.974025974025974	0
worthy	61219	5.16996357340042	0.980087881213349	0.441039546546007
cost-effective	27031	1.21342162702083	0.98035588768451	0
righteous	11998	0.87514585764294	0.991831971995333	0.2167027837973
fruitless	2416	0.372516556291391	0.993377483443709	0
appropriate	170526	3.74253779482308	0.993983322191337	0.728921102940314
horrific	40887	0.320395235649473	0.995426419155233	0.946511116002641
bloody	68733	0.928229525846391	0.998064976066809	0.427742132600061
beneficial	48088	2.41848278156713	10.0420063217435	2.51622026285144
compulsive	5573	0.843351875112148	1.00484478736767	0.107661941503678
compatible	45443	7.19582774024602	1.01225711330678	0.805404572761481
brisk	10505	0.2284626368396	1.01856258924322	0.25702046644455
exaggerated	20882	0.641700986495546	10.1858059572838	1.92510295948664
inefficient	9367	0.459058396498345	10.3448275862069	5.16707590477207
crabby	925	0.540540540540541	10.3783783783784	2.59459459459459
cheesy	10482	1.09711887044457	1.03987788589964	3.47261972905934
troublesome	9228	1.30039011703511	10.4464672735154	0.715214564369311
enchanting	5822	0.103057368601855	1.04774991411886	3.19477842665751
unacceptable	37603	0.292529851341648	10.4911842140255	7.00741962077494
tortuous	1520	1.57894736842105	1.05263157894737	0
famous	272615	0.668708618381234	1.05386717532051	0.141224804211067
sleek	28837	0.208066026285675	1.05766896695218	0.915490515656968
useless	50310	0.973961439077718	10.5804015106341	7.35639037964619
phenomenal	21487	0.125657374226276	1.06110671568856	2.4340298785312
annoying	69641	1.25644376157723	10.6819258769977	0.860125500782585
unpleasant	15912	1.6025641025641	10.6963298139769	1.52086475615887
genuine	83764	3.95157824363688	1.06967193543766	0.164748579341961
captivating	13812	0.0289603243556328	1.07153200115841	2.19374456993918
exhilarating	6702	1.11906893464637	1.07430617726052	0
creative	252938	0.373213989198934	1.07536234175964	0.281491907107671
sad	205326	0.737851027147073	10.8335037939667	0.782657822194949
graceful	9182	1.91679372685689	1.08908734480505	2.48311914615552
barbarous	458	0.218340611353712	1.09170305676856	1.09170305676856
haphazard	3650	0.246575342465753	1.0958904109589	0.356164383561644
appalling	15325	0.0261011419249592	1.09624796084829	1.53344208809135
acrid	1000	2.3	1.1	0
fair	370533	4.27303371089755	1.10030685525986	0.26988149503553
sensational	21642	0.0785509657148138	1.10433416504944	0.568339340171888
spectacular	92395	0.818226094485632	1.11477893825423	0.871259267276368
outrageous	33844	0.942559981089706	1.11688925658906	1.67237915140054
formidable	18583	0.17758166065759	1.11930258838724	0.527363719528601
great	2257923	1.04024805097428	1.11934729395112	0.276360177029952
accessible	91832	2.26827249760432	1.1270581061068	0.0348462409617563
lovable	5703	0.841662283008943	1.13975100824128	0.210415570752236
frantic	16758	0.0775748896049648	1.13975414727294	0.495285833631698
amazing	494755	0.275894129417591	1.14905357196996	2.21543996523532
commonplace	9906	0.969109630526953	1.15081768625076	0.454270139309509
nice	624684	0.937273885676598	11.5357524764521	0.470317792675977
fractious	3378	0.236826524570752	1.15452930728242	0
hurting	35923	4.50686189906188	1.15803245831362	0.378587534448682
worrisome	8415	0.225787284610814	11.6339869281046	0.011883541295306
pitiful	4541	0.484474785289584	1.16714380092491	1.45342435586875
difficult	497377	1.85513202259051	11.8364942488294	2.5775216787266
generous	47326	0.420487681190044	11.9215653129358	2.49334403921734
sleazy	2338	1.58254918733961	1.19760479041916	3.03678357570573
grating	1498	3.13751668891856	1.20160213618158	0
intricate	16849	0.516351118760757	1.2166894177696	1.5015727936376
luxurious	33604	0.824306630163076	1.21711700987978	0.904654207832401
coherent	14336	3.76674107142857	1.220703125	0.767299107142857
irresistible	7365	1.52070604209097	1.22199592668024	0
misguided	10277	0.36002724530505	1.22603872725504	1.67364016736402
carefree	8119	0.135484665599212	1.2439955659564	0.0739007266904791
frustrating	63794	0.158322099256983	12.4651221117973	1.3857102548829
authoritative	6863	0.611977269415708	1.2530963135655	0.0582835494681626
despicable	8783	0.580667197996129	1.26380507799157	1.57121712398953
lively	39033	0.1511541516153	1.26559577793149	0.0153716086388441
tedious	41551	0.146807537724724	1.27794758248899	0.462082741690934
cheap	741860	1.77958105302887	1.27800393605262	0.360580163373143
best	3176857	0.585452854818457	1.27947213236227	0.139949642051877
wonderful	229786	0.195399197514209	1.30295144177626	1.47267457547457
fanciful	3215	0.746500777604977	1.30637636080871	0
gorgeous	109642	0.178763612484267	1.3088050199741	4.00758833293811
banal	1803	1.83028286189684	1.33111480865225	2.10759844703272
fancy	68003	2.66605885034484	1.33817625692984	0.0132347102333721
perilous	11078	0.0722152012998736	1.34500812421015	0.0631883011373894
quaint	10504	0.0761614623000762	1.35186595582635	0.523610053313024
inappropriate	63037	0.904230848549265	13.533321699954	3.41704078557038
preposterous	3546	0.846023688663283	1.35363790186125	0.817822899041173
ambivalent	3759	0.611864857674913	1.35674381484437	0.106411279595637
bleak	14337	0.467322312896701	1.36011717932622	0.474297272790681
jarring	7774	0.23154103421662	1.36351942372009	0.23154103421662
engaging	77146	1.63845176677987	1.36364814766806	0.961812666891349
adorable	73690	0.160130275478355	1.37739177636043	2.27167865382006
renowned	83141	0.0841943204916948	1.37838130404975	0.00240555201404842
negative	223697	1.30801932971832	1.39653191593987	0.401882904106895
brainy	853	0.468933177022274	1.40679953106682	0
terrific	43033	1.84277182627286	1.41751678944066	1.5220877001371
healthy	357946	1.21331150508736	1.42395780369106	0.830292837467104
intolerable	5258	1.50247242297451	1.42639786991251	0
instructive	2990	1.63879598662207	14.314381270903	2.84280936454849
delightful	22613	0.207845044885685	1.43280413921196	1.41069296422412
brainless	974	1.43737166324435	1.43737166324435	0.616016427104723
posh	13598	1.73554934549198	1.44874246212678	0.463303426974555
splendid	9201	0.032605151613955	1.45636343875666	1.65199434844039
glamorous	21481	2.83971882128393	1.46175690144779	0.595875424794004
swanky	3137	0.0637551801083838	1.46636914249283	0
gratifying	3241	10.4905893242826	1.48102437519284	0
ambitious	100301	0.759713263078135	1.48154056290565	1.10367792943241
complacent	6539	14.2376510169751	1.4834072488148	0.107050007646429
harmful	39513	3.91769797281907	1.48558702199276	0.658011287424392
adamant	12115	0.189847296739579	1.49401568303756	0.280643829962856
delicious	69742	0.433024576295489	1.5256230105245	2.69995124888876
calm	126098	0.26645942045076	1.53293470158131	0.556709860584625
compassionate	15801	0.930320865767989	1.53787734953484	0.455667362825138
superior	120630	0.534692862472022	1.53941805521015	0.338224322307884
infuriating	4868	0.349219391947412	1.54067378800329	3.71815940838127
eager	78699	1.52479701139786	1.541315645688	0.527325633108426
archaic	4184	0.0956022944550669	1.55353728489484	0.932122370936903
fun	671216	2.03406950966604	1.55538604562466	0.363072393983457
chaotic	29271	0.242560896450412	1.56127224898364	2.57251204263606
unsatisfactory	6335	0.126282557221784	1.56274664561957	1.45224940805051
anomalous	2172	4.14364640883978	1.56537753222836	1.01289134438306
cruel	32995	0.627367782997424	1.56993483861191	0.951659342324595
trashy	4005	1.54806491885144	1.57303370786517	1.02372034956305
ambiguous	7375	2.10169491525424	1.5864406779661	0.705084745762712
dynamic	188369	0.216065276133546	1.58943350551312	0.236769319792535
bizarre	72830	0.190855416723878	1.59686942194151	3.70177124811204
inspirational	29845	0.542804489864299	1.59825766460044	1.75908862456023
notable	66563	1.29050673797755	1.59848564517825	0.00300467226537265
futile	8175	0.146788990825688	1.60244648318043	0.440366972477064
unworthy	3802	2.47238295633877	1.6044187269858	0.184113624408206
fine	545427	0.392903174943668	1.61799837558463	2.61171522495219
corrupt	64471	0.912037970560407	1.62398597819174	1.63794574304726
desolate	5104	0.235109717868339	1.62617554858934	0.313479623824451
unfit	30156	0.268603263032232	1.62820002652872	1.44913118450723
unappealing	3782	3.59598096245373	16.2876784769963	0
inadvisable	294	8.84353741496599	16.3265306122449	0
grim	26518	0.173467078965231	1.65925032053699	0.395957462855419
euphoric	3235	0.247295208655332	1.66924265842349	0.185471406491499
anemic	5268	0.113895216400911	1.67046317388003	1.93621867881549
consistent	114580	4.48769418746727	1.67655786350148	1.01326584046081
amiable	1667	2.0995800839832	1.67966406718656	0
nauseating	1666	0.0600240096038415	1.68067226890756	0.0600240096038415
superb	52063	0.380308472427636	1.68641837773467	1.2753779075351
bloated	12850	0.67704280155642	1.68871595330739	1.01945525291829
rich	326573	0.588229890407352	1.69548615470354	0.346630003092724
dubious	16970	0.235710076605775	1.69711255156158	0.542133176193282
nimble	6027	0.630496100879376	1.7089762734362	0.895968143354903
complimentary	23918	1.65147587590936	1.71419014967807	0.117066644368258
irritating	16903	0.514701532272378	17.1744660711116	1.53818848725078
remarkable	90029	0.275466794033034	1.72277821590821	2.51807750835842
beautiful	668019	0.266908575953678	1.73363332480064	1.77644647831873
irrational	12733	3.36134453781513	1.73564753004005	0.581167046257755
lovely	170699	0.191565269860983	1.753964580929	0.686002847116855
incomparable	2906	0.0344115622849277	1.75498967653131	0
miserable	31079	0.353936741851411	1.75681328228064	0.955629202998809
amusing	19511	0.415150427963713	17.5695761365384	1.38383475987904
daring	21895	0.726193194793332	1.77209408540763	0.794701986754967
laudable	2967	0.337040781934614	1.78631614425345	0
cozy	24773	2.89428006297178	1.80842045775643	0.347152141444314
bland	12338	0.364726860106987	1.82363430053493	1.47511752309937
dependable	9414	1.71021882302953	1.82706607180795	0.807308264287232
buoyant	5174	0.54116737533823	1.83610359489756	0.135291843834557
sharp	132034	0.720269021615644	1.83816289743551	0.399896996228244
incomprehensible	5587	0.0357973867907643	1.86146411311974	1.0023268301414
affluent	13094	0.42767679853368	1.87108599358485	0.0152741713762028
inept	5438	0.147112909157779	1.87568959176168	6.08679661640309
joyous	6820	0.410557184750733	1.89149560117302	0.469208211143695
suitable	72468	19.3933874261743	1.90290887012198	0.974223105370646
ingenious	6613	0.438530167851202	1.90533797066384	0.0907303795554211
cheerful	11766	0.288968213496515	1.9122896481387	0.594934557198708
primitive	10022	0.349231690281381	1.91578527240072	0.528836559568948
benevolent	3631	1.652437345084	1.92784356926467	0.275406224180666
clean	350391	0.628155403534908	1.93098567029404	0.291959553755662
atrocious	4648	1.41996557659208	1.93631669535284	6.19621342512909
pointless	39304	47.7279666191736	1.94127824140037	1.16527579890088
insane	63476	0.713655554855378	1.95349423404121	3.3146386035667
deficient	6197	0.484105212199451	1.9686945296111	1.32322091334517
embarrassing	60435	0.40704889550757	1.9690576652602	0.724745594440308
affordable	168900	0.600947306098283	2.0153937240971	0.201302545885139
hot	590158	0.753696467725592	2.03318433368691	0.48156595352431
significant	495977	2.87069763315638	2.03537664044905	0.155450756789125
awful	83362	0.839711139368057	2.04769559271611	3.05414937261582
incorrect	50650	0.712734452122409	2.0533070088845	1.64856860809477
elegant	47981	0.979554406952752	2.05498009628811	0.360559388091119
depraved	2221	0.630346690679874	2.07113912651959	1.17064385411977
disgusting	47096	0.469254289111602	2.07448615593681	4.08739595719382
hopeless	26509	0.765777660417217	2.07476706024369	0.565845561884643
adversarial	3270	0.55045871559633	2.07951070336391	1.00917431192661
antagonistic	1869	14.1252006420546	2.08667736757624	2.19368646334938
desperate	83642	0.980368714282298	2.08866359006241	0.231940890939958
smart	385441	1.50969927952657	2.09578119608449	0.15540640461186
cohesive	5872	1.37942779291553	2.11171662125341	1.49863760217984
pleasurable	3954	0.682852807283763	21.1684370257967	0.151745068285281
repulsive	2811	3.52187833511206	2.13447171824973	3.48630380647456
ridiculous	83224	0.972075362876093	2.13640296068442	2.86455830049024
fucking	193987	2.86514044755576	2.14138060797889	0.363426415172151
fashionable	33135	0.663950505507771	2.14878527237061	0.129772144258337
brutal	73491	0.0476248792369134	2.15264454150848	0.553809309983535
arrogant	14519	3.76747709897376	2.1626833803981	0.950478683104897
abysmal	5722	1.74764068507515	2.16707444949318	0
awesome	279928	0.226129576176731	2.16770026578263	1.56933211397216
charismatic	12492	4.29875120076849	2.17739353186039	0.144092219020173
disasterous	183	0.546448087431694	2.18579234972678	0
effortless	12965	0.709602776706518	2.19822599305823	1.05669109139992
devout	8667	0.265374408676589	2.20376139379255	5.63055267105111
disagreeable	892	11.4349775784753	2.24215246636771	0
irregular	14760	0.196476964769648	2.24254742547425	0.474254742547425
blunt	36715	0.193381451722729	2.24431431295111	2.05093286122838
incoherent	4083	0.244917952485917	2.25324516287044	3.79622826353172
chilly	11768	0.892250169952413	2.26886471787899	0.101971447994562
decent	124179	0.954267629792477	2.28943702236288	1.05090232648032
bountiful	4103	0.170606873019742	2.29100658055082	1.38922739458932
endearing	3914	1.04752171691364	2.29943791517629	2.83597342871742
colorful	54548	0.355650069663416	2.31539194837574	1.07428320011733
impolite	1065	7.79342723004695	23.1924882629108	24.6948356807512
lousy	8405	0.356930398572278	2.32004759071981	0.49970255800119
wasteful	10428	0.652090525508247	2.32067510548523	2.13847334100499
sexy	117515	0.759902991107518	2.32310768838021	0.641620218695486
bitter	55196	1.31531270381912	2.32806725125009	0.240959489818103
bullish	29650	0.873524451939292	2.36087689713322	0.492411467116357
ugly	88014	1.34069579839571	2.3734860363124	0.53741450223828
pathetic	30699	0.374605035994658	2.40072966546142	2.77859213655168
charming	39721	0.234133078220589	2.40175222174668	1.23360439062461
poignant	12778	0.704335576772578	2.41039286273282	2.33995930505556
unsavory	2020	0.0495049504950495	2.42574257425743	0
dignified	5186	1.63902815271886	2.42961820285384	0.115696104897802
flimsy	5010	1.3373253493014	2.43512974051896	0.199600798403194
constructive	25482	2.23687308688486	2.43701436307982	1.30680480339063
stylish	54449	0.541791401127661	2.47203805395875	0.488530551525281
slick	19141	1.72927224282953	2.47635964683141	0.0992633613708793
clunky	4111	1.8730235952323	2.4811481391389	1.89734857698857
intuitive	24707	1.27494232403772	2.48917310883555	0.424980774679241
lackluster	12883	0.00776216719708142	2.49941783746022	0.473492199021967
sickening	8842	0.192264193621353	2.5107441755259	1.37977833069441
egregious	7838	0.523092625669814	2.51339627455984	0.19137535085481
friendly	234470	1.18096131701284	2.51460741246215	0.275514991256877
idiotic	10686	0.636346621748082	2.52667040988209	2.94778214486244
meaningless	17212	1.57448291889379	2.52730653032768	1.2375087148501
inexcusable	2093	0.0955566172957477	2.53225035833731	1.33779264214047
powerful	368887	0.342381271229401	2.54197084744109	0.789401632478238
hypocritical	13116	1.02165294297042	2.54650808173224	2.40927111924367
immoral	6892	6.07951247823564	2.55368543238537	0.754497968659315
false	199368	0.950002006340035	2.56510573411982	0.715260222302476
obnoxious	8004	2.49875062468766	2.58620689655172	0.849575212393803
abusive	33437	0.595149086341478	2.601908065915	0.16448844094865
worthless	16864	0.996204933586338	2.60317836812144	1.25118595825427
naughty	18117	0.518849699177568	2.62184688414197	0.303582270795386
arbitrary	15429	1.54903104543392	2.65733359258539	1.59440015555123
awkward	63466	0.605048372356852	2.66126745028834	1.80096429584344
insulting	48534	1.8873367124078	2.66411175670664	0.717023117814316
sweet	241525	0.357312907566504	2.67715557395715	0.496842976917503
sensible	26226	1.5709601159155	2.69579806299092	2.06283840463662
foolish	17249	1.56530813380486	2.69580845266392	0.869615629891588
auspicious	8542	1.25263404354952	2.71599157106064	0.11706860220089
appealing	72862	1.32716642419917	2.72158326699789	0.787790617880377
eye-catching	9881	0.0809634652363121	2.72239651857099	1.02216374860844
bearish	13691	0.584325469286393	2.73902563727997	0.671974289679351
absurd	30884	0.560160600958425	2.74899624400984	2.18883564305142
memorable	57954	0.272630016909963	2.76081029782241	0.895537840356144
bright	163081	1.05591699830146	2.79186416566001	0.596636027495539
marvelous	13208	0.681405208964264	2.79376135675348	0
flashy	7813	6.75796749008064	2.80302060668117	0.243184436196083
insignificant	11838	10.6859266768035	2.82986991045785	0.194289575941882
fast	551502	2.5278240151441	2.84894705730895	0.602355023191212
impotent	3314	0.301750150875075	2.86662643331322	0.211225105612553
brave	68650	0.735615440640932	2.8667152221413	0.490895848506919
shameful	13877	1.0593067665922	2.88967356056785	2.4933342941558
complex	301317	0.276121161434635	2.90524597019086	1.27274597848777
frail	6607	1.22597245345845	2.90600877856818	0.0605418495535039
dull	24059	5.55717195228397	2.91782700860385	1.37994097842803
questionable	37308	2.0799828455023	2.91894499839177	0.00268039026482256
goood	685	0.145985401459854	2.91970802919708	0.291970802919708
inspiring	77161	0.500252718342168	2.92634880315185	2.19411360661474
dumb	73440	2.00980392156863	2.93709150326797	0.724400871459695
poor	405372	0.350788905005772	2.9567903061879	0.231639087060774
contradictory	9643	5.63102768847869	2.97625220367106	0.300736285388365
adroit	469	4.6908315565032	2.98507462686567	0
controversial	195608	0.80006952680872	3.01828146088095	0.108891251891538
horrid	4137	0.410925791636452	3.02151317379744	3.60164370316655
anxious	54984	1.7841553906591	3.02633493379892	0.365560890440856
bothersome	2198	2.63876251137398	30.3002729754322	1.63785259326661
incongruous	1353	0.443458980044346	3.03030303030303	0
weak	175194	0.468623354681096	3.05775311939907	1.08451202666758
frigging	1079	2.22428174235403	3.15106580166821	0.185356811862836
creepy	32173	1.54788176421223	3.15171106207068	1.68153420570043
trivial	10212	11.2025068546808	3.1629455542499	0.421073247160204
alluring	7351	2.02693511086927	3.16963678411101	3.70017684668753
courageous	19022	0.788560614025865	3.19104195142467	0.394280307012932
alarming	31019	0.612527805538541	3.2335020471324	0.228891969438086
inane	1960	0.306122448979592	3.26530612244898	0.0510204081632653
baffling	6031	0.414524954402255	3.29961863704195	0.514010943458796
feasible	18126	16.3963367538343	3.32671300893744	0.827540549486925
cute	263308	11.4812311057773	3.3276619016513	0.488781199203974
delicate	30043	0.43271311120727	3.36184801784109	0.309556302632893
superficial	9865	1.35833755701977	3.38570704510897	1.15560060821085
funny	338748	3.56282546317617	3.39455878706295	0.610188104431613
mediocre	18595	0.543156762570584	3.40951868781931	0.510890024200054
easy	828122	8.31314709668382	3.44224643228896	0.525526432095754
positive	405608	1.7854677422536	3.45579968836907	0.399893493224986
derisive	404	0.247524752475248	3.46534653465347	0
stupid	171650	2.27206524905331	3.47742499271774	1.76988057092922
angry	141413	1.11941617814487	3.48129238471711	0.272959346029007
ineffective	17133	0.490281912099457	3.484503589564	2.87748788886943
aggressive	126653	1.81677496782548	3.48590242631442	0.802981374306175
abrasive	3247	1.78626424391746	3.51093316907915	0.184785956267324
careless	15332	1.24576050091312	35.5139577354553	0.945734411687973
disreputable	450	3.55555555555556	3.55555555555556	0
critical	380736	0.497457555891747	3.59461674230963	0.660300050428643
comfy	16062	1.22027144813846	3.61723322126759	0.273938488357614
meticulous	8371	1.40962847927368	3.61963923067734	0.513678174650579
intriguing	64022	0.140576676767361	3.62844022367311	0.91999625128862
decrepit	3037	0.032927230819888	36.3516628251564	0
peculiar	16870	1.10254890337878	3.6751630112626	0.954356846473029
inexpensive	31260	1.26359564939219	3.68841970569418	0.706973768394114
strong	1008369	0.78503008323342	3.72522360366096	0.348285201151563
inconsistent	25128	0.64867876472461	3.74084686405603	1.45654250238777
clear	709382	9.50376524918873	3.74339918407854	1.10913442968668
costly	48300	0.867494824016563	3.74741200828157	0.548654244306418
admirable	7193	1.13999721951898	3.75364938134297	0.681217850688169
satisfactory	13723	7.01741601690592	3.76011076295271	0.830722145303505
dangerous	254118	0.963331995372229	3.79548083960995	0.641434294304221
credible	30147	12.1869506086841	3.82790990811689	0.351610442166716
engrossing	2348	2.72572402044293	3.83304940374787	0
reprehensible	2945	0.203735144312394	3.83701188455009	1.35823429541596
valuable	130002	0.545376224981154	3.84609467546653	0.607682958723712
asinine	3170	0.126182965299685	3.84858044164038	1.41955835962145
unauthentic	311	2.89389067524116	3.85852090032154	0
tiresome	3000	1.03333333333333	3.86666666666667	0.0333333333333333
flexible	87476	0.659609492889478	3.86963281357172	0.759065343637112
evocative	4354	0.0689021589343133	3.88148828663298	3.69774919614148
implausible	3500	2.65714285714286	39.1428571428571	1.71428571428571
imaginative	7242	2.74785970726319	3.93537696768848	1.79508423087545
toxic	76087	1.28668497903715	3.95731202439313	0.524399700343028
childish	12925	1.40812379110251	3.96131528046422	0.495164410058027
odd	117350	0.628035790370686	3.97784405624201	0.297400937366851
tolerable	2764	4.70332850940666	4.01591895803184	0.687409551374819
capable	150811	2.79422588537971	4.04347163005351	0.914389533919939
inadequate	26640	0.0938438438438438	4.04654654654655	6.13738738738739
erratic	13959	0.014327673902142	4.09771473601261	0.959954151443513
believable	9285	2.12170166935918	4.14647280560043	1.89553042541734
immoderate	481	3.95010395010395	4.15800415800416	0.831600831600832
reliable	107964	3.25108369456485	4.21622022155533	0.42143677522137
inventive	6769	0.265918156300783	4.29901019352933	1.4920963214655
galling	1717	0.23296447291788	4.30984274898078	0.05824111822947
frightening	18662	0.578716107598328	4.31357839459865	1.307469724574
catchy	9504	0.789141414141414	4.32449494949495	3.59848484848485
incompetent	13412	1.23024157470922	4.39158962123471	3.20608410378765
clumsy	6215	1.46419951729686	4.40868865647627	1.48028962188254
flaky	2559	1.68034388432982	4.41578741695975	1.48495506057054
tiring	12178	1.27278699293809	44.3504680571522	0.451634094268353
convenient	57631	1.55124846003019	4.46461106001978	1.09142648921587
ecstatic	12061	1.22709559737999	4.4689495066744	0.56380067987729
fascinating	64813	0.0925740206440066	4.46978229676145	1.77742119636493
distasteful	7064	0.0424688561721404	4.57248018120045	2.34994337485844
accurate	135946	4.18180748238271	4.58711547231989	2.35976049313698
classy	18604	0.387013545474092	4.61191141689959	0.327886476026661
naive	18693	4.34922163376665	4.61670143904135	2.98507462686567
enticing	9045	1.05030403537866	4.63239358761747	0.950801547816473
respectable	11326	0.953558184707752	4.64418152922479	1.28024015539467
puzzling	7332	0.16366612111293	4.67812329514457	0.272776868521549
wrong	678465	1.72890274369348	4.70547485868836	1.82220158740687
efficient	147729	0.831928734371721	4.70794495325901	0.399379945711404
impressive	171083	0.874429370539446	4.71876223821186	1.19941782643512
disgraceful	13199	0.727327827865747	4.72005454958709	0
unfriendly	6133	0.0326104679602152	4.76112832219142	0.293494211641937
complicated	114036	1.52934161142095	4.76253113052019	1.75207829106598
convincing	51187	2.7233477250083	4.76683532928283	0.564596479574892
distinctive	35647	0.914522961259012	4.78862176340225	0.375908211069655
bad	3619584	6.23621388535257	4.83127342810666	0.43013230249664
diligent	6133	1.69574433393119	4.84265449209196	0.0326104679602152
encouraging	82042	1.31274225396748	4.85239267692158	0.198678725530826
effective	352342	2.02076391687622	4.88218832838549	0.529315267552548
preferable	7987	1.26455490171529	4.94553649680731	0.025040691123075
deceptive	10530	3.7037037037037	4.94776828110161	0.360873694207028
economical	12382	1.80907769342594	5.16071717008561	0.104991116136327
immature	9271	0.776615251860641	5.19900765828929	1.11099126307842
eloquent	4440	3.67117117117117	5.24774774774775	1.93693693693694
energetic	23585	0.173839304642781	5.25333898664405	0.322238711045156
comfortable	178729	4.8436459667989	5.25935914149355	1.77139691935836
marvellous	5598	3.4119328331547	5.28760271525545	0
aggravating	3068	2.21642764015645	5.34550195567145	2.21642764015645
joyful	10505	0.161827701094717	5.38791051880057	0.847215611613517
conscientious	4184	1.86424474187381	5.40152963671128	0
baseless	7525	0.837209302325581	5.43521594684385	1.88704318936877
boring	80156	2.23688806826688	5.48929587304756	1.36858126653027
insensitive	10273	0.807943151951718	5.49011973133457	2.09286479120023
nasty	55238	0.439914551576813	5.51431985227561	0.481552554400956
lucky	179110	1.04181787728212	5.52900452236056	0.474010384679806
depressing	17518	1.07318187007649	5.61137116109145	0.953305171823268
challenging	147494	1.21089671444262	5.67616309815993	0.311199099624391
competitive	247094	0.796862732401434	5.69742689017135	0.620816369478822
abnormal	18069	3.20991753832531	5.7059051414024	3.33167303115834
clueless	21997	0.495522116652271	5.71896167659226	3.05496204027822
regrettable	2775	0.036036036036036	5.72972972972973	0.144144144144144
monotonous	2518	7.10881652104845	5.79825258141382	0
enthusiastic	37813	1.24031417766377	5.85248459524502	0.772221193769339
worthwhile	17040	2.44718309859155	5.87441314553991	0.580985915492958
likeable	2753	1.41663639665819	5.92081365782782	3.08754086451144
painful	65115	0.989019427167319	5.96329570759426	2.95477232588497
intelligent	87906	0.846358610333766	5.9859395263122	0.734875890155393
weird	170089	0.901292852565422	5.99392082968328	0.716683618576157
acclaimed	54735	0.00730793824792181	6.10578240613867	0.0255777838677263
irresponsible	14632	1.18917441224713	6.10989611809732	4.82504100601422
confident	156784	2.71328707010919	6.11350648025309	0.98288090621492
agreeable	3151	2.76102824500159	6.12503966994605	2.3484608060933
exciting	263335	0.620122657451535	6.13629027664382	1.12594224087189
unfortunate	61860	0.221467830585192	6.15906886517944	0.221467830585192
reputable	21547	1.40622824523135	6.20039912748875	0.227409848238734
successful	429457	1.64370356054273	6.34498913744566	1.42016546476131
confusing	41258	1.03737456978041	6.38664016675554	2.44073876581511
objectionable	5840	0.256849315068493	6.38698630136986	0.0684931506849315
pleasing	14625	3.04273504273504	6.41367521367521	15.8495726495726
good	3486528	3.66831988729188	6.48086004185252	0.453172898654478
clever	39944	1.14910875225315	6.55417584618466	0.943821349889846
popular	601293	0.776825940099086	6.62705203619533	1.25512853134828
courteous	3502	1.45631067961165	6.7390062821245	0.970873786407767
uncomfortable	67739	0.764699803658158	6.84243936284858	0.977280444057338
happy	858670	3.31803836165232	6.93397929355864	0.748599578417786
disturbing	46706	1.72354729585064	6.93915128677258	1.66573887723205
entertaining	54292	1.02593383923967	6.9697192956605	2.68179473955647
expensive	285420	1.8894961810665	6.98479433816831	1.29318197743676
advantageous	7329	2.5105744303452	6.99959066721244	0.136444262518761
pleasant	51179	5.15641180953125	7.00482619824537	2.60653783778503
attractive	89895	1.4850659102286	7.25513098615051	2.29267478725179
considerate	2912	2.16346153846154	7.28021978021978	1.61401098901099
durable	24926	0.653935649522587	7.3658027762176	2.47933884297521
important	1119525	0.899577946003886	7.4630758580648	0.440722627900226
inconvenient	11684	8.22492297158507	7.48887367339952	0.590551181102362
condescending	5923	5.08188418031403	7.52996792166132	1.51950025325004
addictive	13601	2.44099698551577	7.5803249761047	6.05102565987795
inaccurate	19880	1.23239436619718	7.73138832997988	6.41851106639839
discouraging	6475	0.463320463320463	7.76833976833977	1.01930501930502
disconcerting	2654	0.0753579502637528	7.87490580256217	0.828937452901281
impractical	4306	0.16256386437529	7.96562935438922	3.06549001393405
disappointing	81976	0.596516053479067	7.98404411047136	0.572118668878696
flattering	13265	6.22691292875989	8.05126272144742	1.33433848473426
noteworthy	18158	0.903183169952638	8.426038109924	0
commendable	4173	1.15025161754134	8.48310567936736	0.623052959501558
likable	2884	1.94174757281553	8.49514563106796	0.762829403606103
cool	409374	1.15273564027027	8.65272342649997	0.766047672788208
unattractive	6471	1.29809921186834	8.79307680420337	1.00448153299335
irksome	3359	0.238166120869306	89.4611491515332	0.0595415302173266
neat	30680	0.759452411994785	8.96675358539765	0.358539765319426
distressing	6178	0.485594043379735	8.96730333441243	1.73195208805439
illogical	5473	0.82221816188562	8.97131372190755	1.77233692673123
monstrous	7081	0.268323683095608	9.22186131902274	0.988560937720661
affectionate	4697	1.74579518841814	9.30381094315521	5.04577389823291
desirable	30417	4.8525495611007	9.31058289772167	0.138080678567906
rewarding	24464	0.960595160235448	9.43018312622629	1.15271419228254
fussy	5487	7.05303444505194	9.47694550756333	1.58556588299617
enjoyable	34450	1.82873730043541	9.50072568940493	1.21915820029028
acrimonious	1775	0.169014084507042	9.52112676056338	0
tempting	13695	0.956553486673969	9.74078130704637	1.04417670682731
