item	frequency	neg	prevneg	scopeneg	grade	prevgrade	scopegrade	truly	prevtrue	scopetrue
harmonious	20370	3626	2452	855	1214	908	697	1284	900	856
ill-advised	13813	3182	533	72	871	769	558	183	131	90
irregular	40647	4865	2749	753	2139	1454	911	656	543	201
ardent	30128	4548	2258	960	836	483	227	1008	376	62
flexible	305027	23402	11400	5089	20601	16146	12093	3634	2574	1952
brash	25157	4783	3656	3249	443	153	105	321	216	76
contradictory	36225	6025	4374	1026	3109	2274	941	1276	817	629
sufficient	258071	84987	72627	49378	13998	8804	3573	3030	1923	665
classy	38286	3677	1780	437	3232	2578	2247	1333	656	382
cheery	9318	1666	844	381	894	574	233	357	307	225
implausible	8988	2564	1970	604	1418	912	910	283	242	236
beastly	4073	487	352	70	202	156	6	33	29	29
aimless	5536	965	754	283	694	543	84	124	82	82
fraudulent	47895	6601	4431	1309	1682	419	137	226	147	33
decrepit	5588	505	207	89	206	106	58	1383	62	54
distressing	24662	4282	1042	150	2499	1616	1293	1078	933	910
optimal	122419	14330	9794	3929	5702	3250	753	1161	605	392
ambitious	198468	19414	9310	3274	19599	15008	11204	4407	3608	2782
best	8260083	1124069	685230	215254	560988	395737	230745	104829	51627	13417
adroit	2768	747	537	186	149	26	4	223	59	59
meaningless	59892	15248	10646	2443	4419	3611	2390	1692	1426	861
gratifying	18615	2989	940	538	6295	5873	5747	915	729	455
distinguished	105048	10685	4957	2301	3813	2040	1367	1343	706	333
unmatched	40255	2463	1565	199	1162	694	153	561	290	30
desirable	127297	18631	10997	5534	17291	13652	11786	1489	717	370
eloquent	17231	2620	1544	527	1215	757	639	535	268	257
frustrating	151824	27105	11041	1880	31259	23765	17299	5367	3872	3320
flagrant	11792	1364	776	35	96	46	8	8	8	8
miraculous	40097	4752	2206	733	5893	190	161	701	568	499
dirt-cheap	914	46	2		12					
beneficial	261891	32227	21574	6717	50217	44268	40883	5665	3685	2796
fusty	1056	149	136	50				5		
cost-effective	69157	6575	3718	2258	4170	2666	1986	460	189	113
adorable	141754	38560	7524	1769	34882	4927	3250	5363	4300	3701
chic	72936	5636	3863	2126	4370	3006	2032	2299	1565	718
cheap	1722672	450532	603472	93327	59170	40803	20259	13307	8048	5368
compassionate	47289	8689	5396	2494	3228	2793	1440	1915	1512	448
tedious	34098	6250	3840	1277	3943	3105	2238	1270	918	860
merry	52586	2721	1489	378	1479	682	397	376	267	15
reprehensible	8684	2263	1144	78	2033	1819	1241	124	108	108
generous	177160	20131	11607	3894	23509	19200	16221	6714	5537	4403
perilous	23858	2213	770	459	1880	1698	372	651	370	202
elegant	146133	12928	7458	2562	10760	7893	5305	6230	3509	2318
sickening	13539	1761	1243	428	313	146	76	485	475	449
baffling	17960	3126	1560	262	1298	833	658	536	388	336
exuberant	13124	1020	368	212	672	421	345	497	375	375
desolate	13921	1866	1039	202	484	292	164	188	148	146
majestic	37767	2853	1448	298	1124	401	158	1317	588	331
galling	3266	690	470	10	556	535	471	28	12	6
imprudent	3086	330	256	192	84	36		45	26	26
propitious	3655	587	168	83	533	330	330	62	22	
peculiar	65747	12827	6826	2240	6362	4689	3374	2146	631	276
tenacious	15548	2336	1420	188	615	480	215	370	228	220
world-famous	12467	973	640	88	404	12		443	282	
masterful	20590	2566	1536	650	596	244	112	595	368	166
disgraceful	17491	3441	1087	183	358	224	58	438	438	435
inconvenient	28721	8110	4867	2323	3718	2880	2284	575	385	280
flattering	33333	5494	3977	2467	4223	3828	3267	809	565	336
infamous	127228	31417	24281	1956	3279	1590	552	1295	677	120
fanatic	15074	3460	2134	872	857	359	20	100	32	28
lovable	14660	2613	1512	694	992	494	413	563	243	130
dependable	39276	4606	2979	1374	3975	2426	2179	521	287	191
astounding	69213	4021	2000	633	2193	1006	599	895	597	466
bearish	25400	2567	1723	1191	1476	859	732	262	205	187
strong	2796414	314184	183068	71718	286762	219929	167511	56540	40395	30512
clever	145843	23092	10780	3746	16302	12198	9461	5061	2727	2057
ambiguous	23997	4391	2449	576	1651	1073	650	528	507	248
archaic	19249	2505	1700	389	1913	1280	787	709	365	126
cruel	84525	16522	9652	4030	8560	5760	4247	2238	1648	1086
successful	1328917	187283	102888	42346	135994	103475	81516	29136	23041	18821
joyful	40292	3247	2300	660	2731	1899	1537	946	413	245
high-quality	148925	10381	4639	1408	8070	4059	2298	1936	773	230
illustrious	21206	1686	792	253	472	223	96	417	405	219
crude	284094	17694	10637	1576	9431	4086	2409	1483	728	317
senseless	18961	4338	2448	653	704	391	78	453	190	135
effective	1196207	160257	108747	48116	120273	100096	83461	20953	15279	11537
tawdry	2546	444	152	92	127	49				
shameful	34317	6579	3156	1298	2625	2007	1370	1461	1177	638
fun	1714304	273465	208006	98785	121185	86181	55286	25766	16974	10169
terribleness	230	1	1		12	12				
grating	7370	984	440	142	634	580	230	253	155	28
impossible	507543	124674	63254	22151	31922	20621	10652	12365	8188	2764
frightful	3965	828	412	26	112	78	8	112	62	62
astonishing	59731	7191	3060	1197	3311	1763	644	2937	1365	928
baseless	18023	2483	1660	656	1305	1012	749	625	461	414
disasterous	353	42	14	2	33	5	1	4	4	4
tragical	68	1	2							
festive	35467	3356	1837	415	1023	703	380	1018	749	561
exasperating	2368	418	262	32	132	100	20	80	44	44
irresistible	25400	2633	1555	117	1083	676	249	513	407	324
disturbing	119321	22245	13816	7370	12454	9866	8434	4315	3580	1831
concise	79026	2313	1218	201	1121	852	575	321	272	158
expansive	58964	5613	4139	1627	2230	1048	298	934	694	283
comfy	41703	6081	3615	1309	5429	3963	2678	1475	1068	703
splendid	37752	4984	3196	283	2142	1013	443	988	717	406
frantic	34474	3292	1739	757	1578	1041	204	586	248	173
challenging	419691	47251	26364	9687	46937	37356	31472	7727	5337	4076
feeble	17990	2172	1019	209	883	543	429	246	234	61
impractical	15763	4491	3438	1436	1344	1067	898	2184	1965	711
captivating	37037	3916	1613	242	1984	1433	1018	2069	1637	1218
flimsy	16338	4134	3049	2276	916	680	541	283	195	153
excessive	160610	31820	21312	10459	10380	5662	1133	2376	1124	385
immodest	1216	254	230	51	110	38		16	4	4
outrageous	69841	15035	7755	2822	4005	2500	1676	2675	1596	1374
devout	27604	4641	1698	234	2153	1714	1307	327	190	138
amusing	46433	8319	4172	1261	6016	4260	3755	1676	913	856
neat	104350	13571	8028	2982	12390	9071	7764	1939	937	601
enchanting	21495	2333	1573	115	2185	1547	778	2027	1330	591
depraved	5694	956	557	83	380	159	62	161	136	88
egregious	24008	3632	1646	611	2265	1216	976	563	176	162
cute	341167	66326	52162	39577	27203	20522	17160	7177	4825	3103
barbarously	30				6	6				
creepy	63038	10234	6398	2931	6429	4275	3292	3368	2538	1697
adversarial	10877	3928	3389	2238	1248	979	605	439	216	216
brisk	26551	4904	1684	461	1566	781	547	545	177	177
unworthy	14185	4142	3511	639	1152	433	411	196	62	50
favourite	409474	44520	25463	6688	25354	13602	3361	7224	2896	821
ecstatic	26711	3195	2009	1052	1475	886	442	1243	833	753
dexterous	1656	407	172	46	170	158	118	159	40	36
euphoric	9254	2612	1322	463	1581	481	231	304	114	28
naive	53381	13636	9194	4675	6748	5805	2631	5557	5072	3745
ignoble	2144	722	634	182	216	118	118	136	56	
brilliant	318639	32777	17966	4531	19764	9885	4999	16308	10378	7904
disapointing	181				2	2	2			
hilarious	102232	11833	5793	1462	6580	3642	2017	6614	4938	3928
expensive	651189	117750	72994	29396	82183	66430	50307	15602	12602	9895
abnormal	48928	7930	5552	3326	2371	1594	852	714	364	212
illegal	956398	153922	99636	30962	43334	21762	3258	12777	7475	4160
smart	1018388	114622	59864	26283	63047	42612	30220	11101	5678	3008
courtly	2228	235	115	17	82	76		46		
negative	827981	133651	85591	31062	52568	36556	18269	12098	7585	4390
unfit	36527	7984	3841	332	4952	4326	3688	3852	3492	3310
powerful	1038009	121929	65917	15675	90343	67221	52409	27384	17125	11856
bland	33960	6653	4326	1212	3284	2256	1152	919	749	499
chaotic	69671	11423	8488	3234	3781	2806	1876	1721	1104	1012
nifty	35346	2508	1327	321	1753	965	529	247	69	23
deceitful	10141	2235	1286	371	388	354	314	133	113	113
accidental	51464	10398	5558	2988	1712	874	226	762	492	203
nefarious	24374	5769	4095	1649	1296	920	665	846	281	68
nice	1694710	249048	130945	43159	274817	211428	185403	25463	14751	8533
agreeable	11475	2521	1681	717	1323	983	860	282	243	100
chintzy	835	94	86	60	20	12	12			
eager	207545	30466	14237	5037	12676	9744	7586	7841	2758	1888
competitive	728108	91014	61945	17735	77395	64423	51665	9844	8954	5271
radiant	50016	3003	1409	187	1573	951	238	1026	710	603
evil	355397	75170	54121	18877	19256	12024	4331	8934	5238	2874
disquieting	1929	321	134		254	254	188	2		
fascinating	192694	23332	11590	4968	14938	9502	6170	8701	5595	4169
inefficient	34028	4276	2458	436	3362	2861	2283	1450	1316	1295
austere	11909	1787	997	65	479	352	239	941	917	465
lucky	511523	79410	36147	18316	72284	43010	38368	9036	5920	4029
commendable	15661	1939	724	319	1571	1285	1176	379	322	314
fantastic	599229	85532	59693	8633	45711	18272	7595	21102	13369	10476
incomprehensible	17849	2237	970	254	2101	1210	1037	469	169	105
ambivalent	7266	1001	599	184	1153	638	485	116	64	
wrong	1633767	366523	268230	120073	99790	76794	47490	42029	35175	26733
monstrous	22602	4212	2641	612	1111	389	120	891	681	592
jolly	21407	2378	1284	359	984	658	292	254	75	13
hapless	19671	2368	1380	1	1283	495	30	316	157	
carefree	20314	3165	1978	589	1452	660	497	503	454	399
brand-new	47581	6374	4326	1020	2937	972	261	903	372	187
troublesome	34716	6084	3712	1006	3488	2117	1678	794	384	83
blunt	63871	10126	4898	2458	3870	2225	1838	2217	1268	1049
preposterous	15220	1786	948	179	1181	615	339	894	271	75
enjoyable	129824	23543	16899	7190	22902	20361	14495	4538	3394	2154
classic	865045	98528	35000	7191	32828	13613	4065	13648	5407	1809
fine	1177053	178686	94036	14857	62265	44170	29845	56994	51384	46189
chilly	28935	3662	1479	674	1271	911	413	662	422	300
engrossing	6913	939	776	154	791	590	482	661	412	301
brainless	2991	694	352	259	461	65	51	49	49	49
graceless	1983	181			227	159	159	14	14	14
ghastly	10413	1744	1094	116	1730	1652	1492	271	102	46
poor	1144240	203007	116594	23218	77831	55357	38281	18845	11675	5261
dignified	20613	3379	2149	1172	878	729	470	790	637	483
opulent	11071	1801	719	239	610	296	128	579	192	136
intriguing	108813	13636	6190	976	12067	8333	6566	3036	1772	1201
corrupt	180226	31117	19211	5305	11742	10349	4853	6007	5620	3671
fake	265906	47731	31927	15919	13744	8230	3219	4339	2286	749
favorite	1447157	128761	59842	16547	50838	25985	11592	15493	6887	2014
disreputable	2257	201	125	38	138	120				
pleasurable	28813	4945	1598	393	6053	5600	3869	783	589	463
tempting	58613	10065	3670	1376	6147	4364	3937	1326	974	716
exciting	637483	59670	40051	18794	85948	68426	59827	16661	11933	7706
confounding	9836	1790	976	532	667	314	31	262	246	246
flawless	84331	7138	4101	1018	2213	1159	310	2614	2040	1408
horrible	196985	38071	24043	6571	13265	8162	3713	5580	4043	3114
brave	239256	22306	11709	4935	16341	7890	6346	3369	2170	1485
bizarre	140365	26103	11017	4443	10316	6738	4748	5475	4152	3256
exhilarating	19910	1990	1337	197	1392	921	544	641	436	412
affable	5756	1030	619	62	334	262	234	218	174	126
memorable	174507	16777	10608	2706	13581	8743	6891	7272	5922	4541
bonny	2652	204	121	52	76	14		28	14	
weird	360541	62275	29305	10896	35639	24778	18094	8909	5335	3520
lively	71297	6362	3247	647	6176	4482	3438	2129	910	514
rewarding	90022	12485	9091	2094	14466	12652	11121	3627	3273	3016
appropriate	690837	139311	110634	65982	59565	46671	33061	8393	6314	4190
impeccable	31617	4169	1983	403	1043	346	71	764	264	118
pointless	72562	30543	26240	20498	23609	21767	2123	1650	1354	1053
notable	192613	24548	9836	2917	9532	4213	2770	3764	1222	332
felicitous	552	96	96	36	48	48				
impetuous	2279	349	215	163	210	11	10	12		
fortuitous	8367	1047	759	579	680	318	218	298	158	102
blockbuster	69361	8274	3621	1427	3951	1409	577	864	274	28
luminous	21678	1369	507	48	1212	552	278	376	191	76
impotent	7830	1460	837	259	525	394	250	487	343	84
reliable	355511	66131	47298	25193	31511	24270	17421	4734	2401	1569
imprecise	4457	1288	337	136	270	198	164	113	93	93
odd	250693	45191	20642	4537	25811	16806	12431	5598	2202	1385
respectable	48800	6725	3628	556	5110	4506	3362	1282	883	660
benevolent	20006	2991	2008	667	628	406	196	989	357	127
fast	1260741	237625	152459	64165	109934	79581	60371	21647	13629	9988
brazen	16116	2489	1137	443	1099	824	93	246	233	204
comprehensive	563074	41802	29333	11170	18065	8430	3781	6917	2611	1811
revolutionary	186740	16455	9638	3395	9520	3206	1030	4321	1894	950
moribund	6402	1530	1253	78	112	96	36	40		
bewildering	6668	1353	998		502	414	388	220	170	67
stifling	15005	2101	1747	912	382	180	56	463	351	294
dumb	115939	25028	16113	6621	9581	6775	4349	1589	1146	828
goood	624	110	105	1	44	40	40	16		
affluent	41330	7198	4022	2796	1871	861	386	139	92	75
woeful	14849	1546	497	128	1217	1143	1012	1273	1213	1145
uncomfortable	217157	36757	21904	5873	23827	20380	16044	4505	3224	2581
awful	205148	38349	23065	7210	19773	12445	6986	8883	6835	5855
lousy	26963	6190	2588	625	1549	1113	675	539	315	180
funny	541256	85697	48532	24995	47302	32548	25615	12387	7514	6032
topnotch	1220	124	67	38	81	41	1	114	39	31
diplomatic	235982	22753	12307	4231	5946	3757	2154	1963	1728	1304
dashing	15447	1929	1043	261	1203	344	109	375	241	17
abusive	75887	15977	9784	3194	3581	2159	1171	2654	2198	710
embarrassing	123953	18380	11408	3097	14045	11442	5489	2880	2234	1947
deceptive	28495	4146	2593	1098	1627	1159	677	613	475	296
immoderate	1683	429	311	177	76	76	50	7	7	7
ugly	179060	29171	19906	7839	12290	9007	6430	4106	2312	843
buoyant	13303	1117	782	181	1117	588	423	724	653	641
catchy	28975	5419	3025	974	3574	2673	2084	2391	1513	1103
grotesque	17272	2515	1057	280	1165	779	440	541	356	330
irksome	6330	300	165	52	4926	4925	4925	88	70	20
famous	707371	80477	42184	11895	34469	20115	10299	11320	4060	952
reputable	62539	7369	3814	1005	4369	3107	2452	752	327	131
correct	639776	127583	93888	38903	25217	14392	5846	14361	11253	8665
clean	940139	120873	71269	24924	52866	34885	22870	14693	8625	5621
vulgar	16556	2507	1505	740	1497	1121	809	223	172	130
legendary	194028	18374	11289	3071	5473	1880	224	3109	1841	1082
joyous	24708	3616	1579	705	1463	640	458	646	380	200
adamant	40135	14768	3858	159	3616	2810	2549	651	260	87
ingenious	19260	2459	1266	489	1835	1030	832	1029	539	522
cataclysmic	5862	1086	686	334	18	10		56	49	
inaccurate	49244	12351	8935	1242	4812	3387	2211	4202	3519	3298
mediocre	56731	8619	4771	1200	3557	2597	1795	1304	1053	691
confident	545835	82984	43901	23551	69197	54724	47799	14449	9021	7278
terrific	123199	11637	5702	1960	7745	4474	2425	3160	1802	1046
ill-fated	16907	3313	2766	100	470	279	29	70	10	
impure	6252	1602	1204	596	254	118	2	4	2	2
criminal	880761	166348	124195	71359	21725	10860	1985	7031	5144	557
consistent	480787	81963	50710	27435	32867	22338	12763	10868	7348	5779
dazzling	38171	3971	2055	199	1371	524	312	2884	2132	1853
flashy	36015	7749	6342	4815	2150	831	467	605	216	113
prominent	394000	30861	13396	4769	11719	7328	3788	2917	1337	457
grand	1237486	148487	85593	15946	45228	30503	3023	8593	3236	1044
belligerent	8774	1923	810	117	505	355	157	80	40	14
exorbitant	16862	3654	3048	1528	856	710	44	336	244	54
capable	519638	95000	67386	33708	50006	36381	15911	15335	11620	8628
nauseating	4759	661	299	179	347	195	167	68	8	8
intolerable	13863	2397	1413	507	875	813	258	119	71	69
immature	26301	4259	1683	236	2530	1774	1263	495	377	273
magical	186330	22452	14564	5315	10115	5767	2982	9443	6613	5410
evocative	13319	1267	606	210	2210	1998	701	1178	961	628
affectionate	16900	2694	1608	450	2266	1956	1691	736	646	454
inspiring	166398	11556	6181	2133	11692	9349	8030	5102	3601	2949
brainy	2681	350	118	49	29	7	7	90		
fractious	10820	644	288	22	454	34	14	3912	1867	31
ridiculous	248256	46992	28290	6747	40350	35224	32883	36763	9962	8973
clumsy	23760	4737	2230	749	2286	1310	965	1369	884	813
exquisite	52066	5294	1784	262	2517	1343	719	4036	2167	1496
delicate	109641	12351	7419	1740	8881	6419	3663	5696	3608	2517
unfortunate	146302	23548	7544	1058	13641	10757	9393	2637	1170	746
inexpensive	78653	10987	7028	3791	8332	6097	5061	1919	1296	904
shabby	14479	6703	5894	4812	600	310	166	388	198	128
conscientious	17040	2834	1578	723	1555	1006	618	288	92	34
tortuous	6442	1226	773	34	477	384	179	18	18	18
trashy	10772	888	344	114	513	356	174	475	307	284
costly	159537	28464	16347	5359	19902	16908	8927	2510	1930	1389
convenient	212730	39231	16534	7333	18878	15755	12896	3495	2964	2209
lackluster	30363	3350	1445	295	1373	648	305	849	341	56
brutish	5724	369	211	66	125	9		304	210	
haphazard	10495	1538	1092	324	451	358	104	76		
cursed	52491	6879	3231	727	1989	839	105	907	545	339
degenerate	11764	2130	1532	986	762	427	209	259	195	30
authoritative	24087	3762	2330	978	1014	428	209	298	132	
accurate	383808	71392	50791	26434	38070	28132	21007	10333	7975	6525
exellent	106	14			6					
delinquent	11219	1385	835	102	273	84	4	328	218	204
puzzling	18441	3154	1748	231	1482	1021	809	594	299	139
colorful	138728	11195	6399	1342	6761	4110	2727	3118	1631	931
incongruous	4567	848	565	244	229	110	68	373	210	44
difficult	1684299	306212	156945	55770	324298	287728	235832	40540	29895	23356
spellbinding	5572	408	292	90	262	114	82	251	118	69
praiseworthy	3892	687	621	354	228	88	88	112	112	112
clueless	40095	7836	4961	1934	5604	4893	4292	2062	1911	1329
forceful	29696	4605	3720	2170	1534	797	596	800	129	115
inadequate	80918	10367	5603	921	5883	4583	3537	4836	4480	4028
erudite	5109	641	447	98	515	407	287	96	96	84
erratic	33147	4362	3122	1777	1866	1179	575	630	545	323
coarse	18594	2265	1353	450	1178	775	567	433	328	280
complicated	324080	56245	33970	13269	42538	33880	28081	9649	7538	6398
marvelous	33405	3054	1751	140	2172	1462	628	1852	1271	1167
appalling	34175	5631	3283	314	2877	1735	1393	3223	2485	636
exceptional	277050	20558	11975	3475	14694	8003	2972	5958	3818	2796
bitter	129997	18630	11716	4474	7786	4679	3033	2493	1776	936
gruesome	33044	5736	2088	84	1071	636	498	516	384	374
critical	1053713	112520	61122	17722	83835	60287	43341	16734	11224	7530
repulsive	6694	1490	692	154	436	259	157	297	235	141
fruitless	9240	1221	656	190	235	56	18	21	12	2
attractive	329823	52600	40425	25979	43967	36641	31329	8013	7659	5102
ineffective	46496	7789	4206	901	3526	2606	1985	1380	1183	1058
tolerable	11431	2269	1843	1165	1338	1123	868	188	95	67
asinine	5249	1181	948	444	284	221	190	222	200	200
adequate	197189	56906	40896	27480	10076	6881	1848	3736	2340	1287
discouraging	19384	3026	1634	505	1817	1419	1224	221	139	58
imperfect	35414	5118	2723	300	2510	824	601	1914	1424	1223
convienient	70									
disconcerting	9189	1757	818	132	1079	840	708	252	196	88
pathetic	65170	12166	6199	1435	3825	2556	1893	2953	2398	1909
forbidding	8667	966	689	289	329	222	30	101	69	30
aching	17345	3892	1639	366	646	198	153	538	236	58
authentic	200630	24949	16120	6927	13446	8915	4607	5277	3506	2231
unattractive	17125	2424	1780	665	1674	1430	619	171	125	74
bloated	32795	4277	3389	1244	1196	879	441	1235	941	722
clunky	15327	2108	1254	357	892	493	401	454	339	130
charming	118595	10261	5770	1717	7860	5631	3535	5578	3287	2655
unforgettable	43766	3681	2025	233	2321	1775	718	2116	1663	1163
condescending	18946	6520	2092	800	2462	1631	1529	541	457	374
loathsome	4718	1545	1129	1027	402	376	223	192	102	30
bright	529136	63249	32779	13134	40710	29785	22056	13392	7351	5636
ample	106806	14416	8156	3293	6727	3136	805	1803	1056	301
acrid	6230	536	524	95	175	43	43	34	34	
bloody	150399	22134	17213	4912	8040	5162	2540	2758	1512	884
frail	18670	1851	943	172	1740	1065	867	356	280	57
regal	25542	2422	561	50	706	447	261	340	144	130
unappealing	9294	2041	916	142	632	480	318	1310	1236	945
appealing	155499	24496	15752	8982	16207	12119	9987	3266	2456	1898
sensational	43685	4294	2576	513	1250	449	153	2432	1000	630
entertaining	148281	24095	17365	6350	21821	17830	13617	6248	5077	3695
fair	965223	172759	108193	64215	44746	23425	11107	12498	6768	2922
hateful	40389	11294	7613	1772	2026	834	416	559	453	310
frigging	2707	450	173	84	208	184	176	41	28	28
frightening	55618	6987	2807	692	3631	2575	2027	3003	2319	1913
worthless	52109	10192	6493	1089	3187	2495	2036	1907	1536	1069
inconsistent	90991	14907	7302	1286	9752	6646	4581	2995	1769	1561
effortless	43195	4042	2348	822	3714	3046	2493	1416	869	312
dedicated	658952	59200	33754	11466	30934	19723	9597	10064	5017	2917
upscale	49004	2422	1252	143	1552	1031	393	630	277	114
happy	1920990	310151	217350	125173	268659	235229	205685	42945	32287	21824
stylish	133563	11275	7406	2058	10795	6649	5269	4769	2736	1294
bombastic	10220	1392	679	193	735	499	413	297	138	2
indeterminate	5403	702	411	118	85	83	30	4		
eye-catching	31237	2494	1469	809	1999	1311	1034	630	355	159
dynamic	382543	29169	14152	5256	28149	18386	10979	8902	3970	2851
invincible	14785	2707	1908	1129	907	433	250	359	271	111
efficient	405527	40176	23768	9732	44054	36562	27983	6024	4128	2561
supurb	56	14	14	14						
futile	25659	4830	3139	510	1507	1081	549	274	124	20
primitive	67129	5707	2674	640	2847	1626	1014	1144	441	219
poignant	37949	5266	2659	703	3724	3064	2845	1506	1174	710
breathtaking	51907	4664	2593	371	2695	1423	503	3126	2273	2048
perfect	1938819	236822	151443	76527	97661	60015	12405	36650	20003	10239
creative	785821	73016	42498	10062	46019	30606	18196	14167	8997	6318
durable	94398	8490	4787	1744	9695	8092	6573	3059	2118	1497
decadent	14632	1527	1244	179	704	547	287	898	652	506
stunning	355964	31921	12445	2905	15935	7245	3610	17844	13361	10431
distinctive	122790	9769	5527	1541	10262	5445	3578	3645	1477	607
sweet	589553	91493	38436	11813	44259	30329	21432	20430	13438	10324
revolting	6237	909	632	259	289	225	225	289	206	146
peerless	5693	511	331	5	56			60	2	2
mindless	18369	3907	2461	924	1013	562	112	393	193	104
detestable	1627	513	415	204	200	120	100	64	14	14
antagonistic	12906	2602	2280	588	682	463	320	213	205	129
decent	403463	67361	35603	9809	27473	17576	7213	8436	5047	3055
complimentary	105524	4782	2305	874	3763	1534	1101	823	500	300
phenomenal	101199	9130	6802	715	3738	1631	658	4310	2460	1658
feckless	4148	1015	286	85	90	30	26	44	6	
decisive	98504	13103	10653	2663	2747	1927	836	613	391	174
delectable	11936	1273	970	286	797	468	122	517	322	256
cheerful	29096	3643	1667	271	1894	1608	925	757	671	470
filthy	33559	6328	3708	889	1460	720	452	652	375	210
fanatical	12343	2224	1664	392	708	425	169	195	149	100
earnest	69927	8796	4329	574	3218	1865	1553	1701	803	400
abrupt	32729	7292	4045	897	2086	1219	348	572	340	64
mighty	93873	11098	5116	1088	3112	1608	242	754	356	130
grisly	8884	1437	301		546	302	172	128	76	76
amiable	6643	1023	506	86	636	529	319	46	46	28
charismatic	41188	6439	4166	2696	5305	4373	3702	2323	1027	744
measly	8726	941	468	62	432	272	16	72	30	
unpleasant	104364	54498	8713	3072	22127	19298	18259	2224	1451	813
sleek	65514	7674	3373	354	3474	1842	1173	2917	1314	1053
enthusiastic	109263	14423	9081	3637	12843	11006	8356	7139	6460	6134
notorious	110568	24700	6997	672	4277	2844	2035	1501	589	266
hurting	117052	25221	17266	9765	7153	5039	3243	1328	852	491
extraordinary	251018	23377	11934	3147	26552	19800	5347	5840	3281	1446
inept	12668	2072	1019	263	1696	1556	1364	1280	1235	1132
useless	106426	27378	15766	3678	12129	10062	6841	6036	5252	4942
comely	2418	420	130	46	60			128	18	18
halfhearted	1468	219	196	116	37	37	4	84	46	46
idiotic	17674	3031	1630	395	1402	829	495	952	726	584
unauthentic	253	28	24	22	24	20	20	6		
illegitimate	18829	4637	3404	352	1080	794	599	248	168	126
insulting	65240	11456	8093	3279	4348	2899	1239	861	426	256
instable	126	12	10		10	10	10			
inappropriate	127914	30044	17646	2806	13945	12198	9486	3703	3146	2882
worrisome	24789	3708	1964	289	2739	1634	1256	233	199	141
daring	63569	8107	5038	2079	1998	946	558	1116	712	428
excruciating	19736	3597	2415	428	665	284	58	84	16	
irreplaceable	14403	1235	955	347	718	615	372	86	86	70
incoherent	10162	1755	1122	28	1077	571	411	301	252	189
regrettable	8628	1875	659	88	556	409	376	150	124	86
acrimonious	9984	297	143	58	402	40	40	81	25	25
peculiarly	4640	1065	648	103	53	30		149	22	
alluring	20958	2664	1293	282	3778	3446	3256	1147	953	799
valuable	487635	76148	37278	10316	52713	44716	38508	8503	5599	4006
nimble	28394	6245	1023	384	2209	1663	972	1365	1103	795
eyecatching	192	12	2		14	4	4			
great	7226425	921814	536480	226799	461198	264606	135920	117182	62362	33704
flaky	8058	1034	564	186	710	315	156	362	213	152
desultory	1134	243	66		60	60	36	26	26	2
compulsive	19284	3034	1060	358	1339	742	314	203	143	44
pompous	7393	2027	1420	333	347	209	187	262	182	4
delicious	216574	22247	13366	2638	14238	9255	6599	11236	8166	6851
unbearable	36928	3531	1968	692	1146	691	267	400	271	59
worth-while	49									
fussy	13706	3676	2659	2016	1989	1685	1502	543	336	256
crabby	2112	233	98	50	273	229	106	16	16	16
derisive	1585	164	108	2	22	22	14	77	27	27
frazzled	4884	1098	255	40	209	100	42	252	48	
awkward	145413	26626	13631	4396	13534	9091	6789	4031	2904	2235
insane	149432	20001	12335	4850	12431	6840	4895	5112	3770	3131
trivial	51678	10587	8004	3471	4331	1370	988	302	268	97
charitable	98553	12183	5204	1581	3068	2074	661	717	555	81
popular	1483979	173309	101797	34637	145706	121210	102828	33998	21667	16748
meticulous	35937	2841	1289	416	3886	1959	1637	1117	588	377
toxic	170570	27301	15805	5138	16658	13159	10050	2690	2049	1244
illicit	49813	3841	2119	554	727	350	215	262	120	46
angry	440822	106543	58874	39409	28675	24498	19486	4422	1854	927
formidable	56869	7366	4196	1420	4317	3045	1888	1045	693	404
inventive	23392	2500	1408	293	1458	851	670	1246	1133	956
disastrous	86448	14927	12119	2188	4524	3220	1852	2489	1210	1077
deplorable	10713	1408	837	360	735	514	370	859	669	447
inane	6490	1740	966	228	414	288	144	434	412	287
desperate	229621	32367	17235	3700	11888	8565	3257	4209	2733	1317
excellent	1052267	82699	40692	7485	69437	29874	9686	20512	12119	7268
nasty	136249	20678	13515	3122	10259	7203	5677	2735	2208	1520
crisp	114286	12966	6885	3193	3467	2033	1104	3761	2520	1127
righteous	48166	10564	6609	1837	2215	1540	349	541	446	257
faulty	64175	10033	6210	1575	1843	644	192	426	318	110
worthwhile	67302	14920	11439	3031	6314	5353	3971	1515	1163	787
sad	420867	74612	30191	9340	67378	54886	49182	9967	6400	4765
depressing	60966	8313	4280	1708	5258	3604	2846	1384	1025	774
compatible	144014	24841	20107	15232	5463	3924	2085	2241	1413	940
gooood	733	66	62		55	55	19			
positive	1376621	185809	95217	39748	104829	74701	56207	17233	10984	7170
monumental	45147	6731	3398	625	1409	595	85	1007	472	318
delightful	70541	6046	3717	537	4273	1510	1009	2860	1375	1072
outstanding	447866	33587	19635	6038	18217	8698	3343	9473	6341	4212
wretched	16301	3062	1846	246	979	411	269	662	416	414
intuitive	89444	12094	4556	1977	10054	7485	4911	2098	942	803
derogatory	24163	3920	3108	1493	527	261	184	282	126	30
horrendous	27147	5250	3419	811	1501	994	294	1988	1812	1486
dubious	45323	7304	4155	858	4477	2828	1955	1723	389	121
believable	24765	4546	3210	1686	2930	2423	1792	985	750	583
supreme	443589	63121	24713	3126	13619	4955	1119	4607	2210	1249
superior	342532	44490	28548	6240	23561	14546	9056	7351	3822	770
grim	55111	6958	4254	1250	2902	1707	1148	1202	1119	292
aggravating	13844	2090	1363	465	775	499	305	283	179	96
courteous	13339	1979	1180	343	1518	906	794	123	72	66
horrid	12229	2089	1127	331	780	502	107	305	223	205
unacceptable	75716	11720	6367	1179	7590	6910	5291	4974	4755	4393
bullish	55433	4766	2844	1442	4746	3707	3025	522	416	275
damnable	1272	273	227	6	199	197	152	4	4	
unsatisfactory	14508	3724	2915	80	758	350	292	287	161	127
glorious	121405	32793	27854	1799	7171	3788	2303	2620	1483	727
spectacular	201085	24061	14259	7892	8796	4339	2177	8531	4583	2753
blissful	15353	3700	1578	202	540	402	227	435	383	174
fearsome	16015	1691	768	168	440	257	61	359	125	89
sharp	389830	45395	27038	11384	22799	14485	10156	8004	4105	2572
luxuriant	1646	225	167	125	70	29	1	158	143	143
inconceivable	17807	4221	3214	1841	448	180	138	362	340	335
abundant	73128	6710	4121	1280	3377	1422	847	2196	974	411
considerate	11862	1546	682	215	1681	1296	1138	403	325	271
luxurious	102564	9881	5663	1882	4819	2448	1172	3159	1315	714
irrational	38795	8324	4530	1741	4921	3997	3330	2797	2374	2170
noble	125771	20407	13237	4664	5046	2972	1539	2702	1028	323
immaculate	25179	2577	867	58	860	314	90	711	398	229
ethical	131436	22628	14932	5750	5963	3863	1837	1847	1313	297
fresh	909501	88042	52500	11827	41832	25252	11100	15844	7721	3954
graceful	24465	5505	3981	2812	1278	912	658	1013	575	251
god-awful	1128	207	139	21	80	80		6	6	6
eminent	31880	3983	2403	316	1126	406	149	181	113	17
deficient	18392	4235	2424	1216	1549	949	402	395	291	289
provocative	54197	7799	3404	416	5423	1578	1009	836	469	391
fanciful	7867	2213	1666	1150	526	343	125	282	256	177
stupid	328210	77581	50827	21277	26729	19991	13620	11019	8299	6391
improper	64362	8430	6102	1254	1301	929	715	602	553	325
exagerated	133	28	20	14	64	64	52	6		
likable	12678	2685	1328	575	2774	2196	2012	882	812	617
feasible	59989	15600	13220	10705	5444	3698	2255	1747	1029	813
dreadful	43129	6417	3639	650	1873	1018	560	1286	981	875
apocalyptic	17311	1760	1077	360	456	342	178	362	171	102
naughty	26378	4757	3102	998	2092	1378	969	766	532	107
exaggerated	36957	5414	3641	1130	5469	4648	4302	1939	1576	1111
sensible	94324	17653	10244	4092	8790	6754	4747	2563	1508	1111
swanky	6434	914	523	108	427	272	242	224	6	6
renowned	167057	11158	3428	908	5856	2701	1602	3110	1692	46
dauntless	1045	76	36	24	6	2		60	60	60
easygoing	7425	689	461	106	253	203	163	124	38	38
ignominious	2555	553	397	81	137	120	10	4		
unparalleled	64067	4177	2309	927	3602	1650	311	1700	657	240
ebullient	2184	561	241	132	172	22	22	36	36	16
disappointing	207653	30765	12642	3457	28368	24349	19294	3498	2196	1673
forlorn	6413	1092	749	142	173	51	9	322		
unsavory	10410	1479	801	56	613	543	411	273	27	17
inexcusable	5780	659	462	74	262	152	94	226	226	226
auspicious	17996	2307	1910	1101	1300	837	754	53	52	8
distasteful	11340	2621	677	265	612	495	427	98	38	28
quaint	26831	2544	943	232	2233	1586	484	554	286	126
laudable	9056	1488	712	279	772	515	469	353	131	78
addictive	47337	8050	5645	2053	6239	5396	4717	4074	3360	2768
invigorating	9725	721	344	84	684	576	403	319	185	42
enviable	15573	2054	1106	148	995	574	270	929	612	128
marvellous	15005	2255	804	169	828	534	233	415	374	228
illogical	14040	3488	1670	582	2634	2514	1852	1072	762	570
hysterical	16919	2376	1683	820	785	419	258	957	493	293
enticing	32004	4530	2811	979	2528	1991	1347	780	457	171
energetic	72590	7719	4436	871	6479	4884	3601	2133	1028	816
dismaying	1447	140	140		2	2	2	40	40	40
monotonous	7687	1338	912	337	583	395	237	265	103	30
defunct	20044	1961	1213	53	626	219	166	212	120	72
weak	425545	60133	34744	12262	38274	28612	19712	9542	7354	5338
confusing	108665	20839	10876	2902	15088	12297	10736	5474	3544	3119
acclaimed	103011	5833	3254	498	7282	5890	4913	1400	529	48
intelligent	243460	30819	16290	5789	26562	19865	16350	5477	3579	2085
awesome	535327	51981	31369	8498	36934	24250	15126	16425	12605	10216
glamorous	64698	25107	5773	4024	3367	1681	1138	1605	469	273
miserable	86567	19199	12829	4084	4544	3030	1902	7020	6007	5613
inestimable	1592	133	52					32		
incomplete	67556	15723	7345	638	2002	1458	872	517	350	262
invaluable	72187	4851	2424	380	3202	1613	645	1548	876	658
commonplace	32455	2915	1702	409	1889	1199	432	490	204	184
suitable	281376	59697	48533	32857	19164	12334	7211	4555	3327	1572
tiresome	9131	1672	826	288	1150	974	471	372	188	158
erroneous	16971	3424	1963	662	628	281	136	892	734	461
affordable	396760	47880	27784	8897	32095	22412	15898	9581	5912	3895
vicious	74202	10050	5161	1304	3441	2343	1386	2907	1031	819
inelegant	1223	254	200	24	230	230	124	56		
cool	904129	113698	71050	24131	125930	101849	90468	16722	11798	9341
obnoxious	22263	5429	3763	1212	2383	1633	1000	1051	736	531
abrasive	10110	1547	735	368	1384	853	655	332	187	133
awsome	1810	175	67	26	314	61	39	28	28	28
worthy	212322	61935	52334	21642	10628	6549	3471	5271	4114	2488
dangerous	657619	100689	66655	27104	63413	54511	45995	13102	9344	7029
hot	1127135	150368	89550	28844	76895	54622	37226	23192	15452	7448
imposing	70717	11414	7258	3126	4480	2863	772	1190	797	174
inadvisable	807	435	435	60	120	120	90			
absurd	121581	41327	32466	25596	7585	4369	2143	5243	4038	3313
preferable	31786	5340	2681	706	1811	1286	599	252	208	178
healthy	1019444	143683	92799	38164	53642	35549	17701	18010	11598	7782
zippy	2660	271	107	53	68			20	14	14
sumptuous	18022	1728	461	41	664	265	87	868	489	263
premier	440476	36664	19321	3823	14242	6012	459	5362	2897	265
painful	209070	31281	18250	5454	22312	16086	13175	7657	6153	5074
constructive	109856	12372	6830	3297	7917	5004	3199	1308	640	344
significant	1643337	244190	168422	90229	113003	68596	38397	16089	8416	2975
controversial	313269	41569	23743	10158	19969	15121	12173	2879	1624	917
arbitrary	52423	13360	9472	2879	5022	2732	1173	1283	905	556
good	10805380	1903870	1287365	652374	1300384	1094127	862337	147986	92542	46746
noteworthy	51798	6771	3097	1292	4300	2815	2604	1170	320	151
anxious	136463	26608	14716	6910	11795	9471	7249	2744	1839	1073
anemic	14252	891	458	92	979	564	448	154	114	94
diligent	27186	4161	2257	1016	3082	1993	1750	726	308	226
complacent	39356	7752	5796	4717	1369	1177	799	491	400	400
alarming	66670	8424	4930	692	6412	3215	1739	1579	895	172
insincere	3158	805	471	100	317	264	225	56	36	36
harmful	140016	29382	22714	9980	11581	9498	5260	3513	2535	1883
blatant	45227	9774	4934	1391	2314	1102	242	798	288	113
defective	47213	6720	4247	889	1929	1198	321	514	237	191
inspirational	77615	6551	3096	667	7882	2866	1768	1752	1397	1304
perverse	11978	2797	1804	168	1148	685	340	924	467	379
prohibitive	10510	1345	814	109	807	696	382	76	76	30
hideous	29697	3155	1503	434	1155	812	316	1021	677	259
sexy	156088	20200	13339	7557	13959	10446	8568	8209	5953	2370
blithe	1501	245	166	52	50	50	16			
misguided	32953	6557	3386	499	2238	1616	829	1426	884	781
hypocritical	19053	3668	2146	974	1387	1051	696	1219	1063	859
unlimited	222650	22109	9191	2564	5065	1914	196	2176	1225	549
careless	41406	14014	5018	1309	9943	9153	8342	866	734	145
scandalous	17888	2485	1549	463	916	611	276	469	385	351
courageous	54194	6877	3392	1261	3711	2839	1062	651	368	319
pleasing	56257	8817	6465	2820	7041	5937	4662	7650	7478	7123
indecent	21389	2330	1290	357	526	190	138	133	66	19
fashionable	65998	7982	5266	2868	4971	2908	2075	2182	1579	1033
incompetent	38401	10035	6004	1506	4980	4085	3389	2985	2612	2526
questionable	94994	13377	6499	1240	7448	5969	4488	1400	692	279
striking	283888	28348	13704	3430	14667	8392	4362	4540	1784	402
insignificant	37724	11357	8828	6091	5861	3273	2480	983	589	123
infuriating	12639	2425	1724	188	725	259	202	636	388	382
superb	168620	13972	7016	1180	9973	4325	1676	5791	3409	2457
plentiful	29505	3030	2100	495	7285	6556	1338	356	97	42
boundless	13575	2375	1043	419	437	25	6	784	490	336
endearing	15023	2749	1182	240	945	827	787	483	463	304
prestigious	158676	13542	10060	846	6386	4260	2138	1683	827	352
bountiful	12376	1309	803	98	274	123	54	164	26	8
unintelligible	3711	790	510	126	336	318	206	328	322	224
foul	97620	15055	10306	5606	3010	1760	592	1338	559	319
posh	24884	3247	1339	468	1636	954	619	729	555	522
effusive	5570	1005	770	158	125	57	47	36	30	26
insufferable	6571	1610	1104	431	298	268	147	318	161	99
unfriendly	19677	3551	1425	259	2877	1124	919	623	589	171
lovely	403104	40096	19857	6141	36203	19410	12400	13002	8705	5587
irresponsible	62939	10104	6150	1244	3907	2847	2595	2716	2464	2070
free	4575756	555444	345663	89214	168230	106520	59237	89093	66807	48466
satisfactory	48073	12568	11249	5273	6519	5120	4271	1218	776	300
magnificent	118221	11360	6651	1102	7538	4818	1523	5252	3576	2439
insensitive	20298	2941	2326	720	2137	1756	1653	735	661	607
dreary	10291	1720	1000	209	308	198	102	382	253	114
remarkable	255299	34319	12565	2545	14982	6932	4495	11929	7984	6041
wasteful	22436	3922	2778	659	1093	719	651	573	413	277
boring	167047	38104	24598	11648	16477	11982	8539	5450	4005	3015
angelic	12787	2186	959	379	848	618	96	191	107	79
likeable	12533	3295	1948	1353	2726	2425	2132	688	301	297
calm	276652	31774	15593	4302	18148	12574	8581	5545	3673	2137
proper	671682	149044	117400	72740	30616	18069	4743	9067	4967	1758
fabulous	137285	12829	7494	2073	8256	4583	1677	6376	5201	3713
ideal	609714	89714	62766	36696	31492	13255	4760	10477	4955	1568
fucking	289490	55109	40255	17440	16364	11008	7204	5809	3840	1820
inflammatory	82023	9517	4733	1053	4856	2364	1193	760	332	206
amazing	1205482	126890	64794	16439	79321	41640	22619	44732	33345	27595
sleazy	10933	2058	1788	692	621	277	108	655	655	335
abysmal	20552	2325	1527	471	945	553	123	478	456	400
incredible	646421	59118	26161	4125	40557	18716	9613	18476	11080	6987
economical	39599	5146	3527	1499	4340	3713	3157	502	348	280
ergonomical	65	6	6		42					
bleak	47960	11395	9132	1587	4067	3366	2096	989	574	426
cushy	6082	1211	781	243	198	112	37	162	112	30
titillating	1292	420	258	142	20	12		1		
top-notch	43689	3405	2312	333	1389	504	237	1098	531	381
lavish	33824	4553	2565	1394	1979	814	348	1062	398	190
impertinent	705	264	220	220				6	6	6
accessible	281498	38536	27211	12665	15465	11031	5260	3076	1941	925
congenial	3680	1373	671		242	138	138	10	10	
slick	52182	7274	4138	1256	4355	3053	2240	999	532	250
priceless	34268	3352	2149	412	2166	1778	833	1252	859	718
accursed	2883	862	496	44	104	104		8		
coherent	46153	9568	7436	3384	3566	2566	959	804	483	377
tiring	25002	9435	8077	1622	7427	6960	6773	502	285	135
beautiful	1485892	149509	89631	34532	87775	51367	33410	53075	40085	30791
instructive	15369	2407	754	131	1501	1251	1105	290	206	106
gaudy	10844	1927	1578	1147	355	314	221	385	341	52
gross	417908	39859	29610	9437	9574	5855	2078	2316	1205	544
audacious	15692	1709	1050	194	681	441	421	688	632	271
immoral	22662	7122	4531	1403	2633	1850	938	916	441	305
complex	857459	83956	43673	10264	71538	52831	35737	21147	16013	9685
incorrect	102317	16004	10420	2410	7042	5204	3334	4131	3440	1847
false	462539	78758	55202	12538	38249	24378	17136	11775	8740	5664
cozy	96220	27647	5129	2291	5469	3634	2020	1536	1162	681
rich	730746	93113	52191	14604	46755	31099	21265	15716	9382	6042
childish	32847	6886	4143	1097	4838	2057	1509	484	220	171
annoying	161221	30383	17702	7535	20909	16738	14138	3535	2626	1380
pleasant	166638	30679	19055	11328	22227	18369	14789	6900	5081	3481
foolish	81213	15638	7088	2127	5041	2686	1869	2023	1299	867
precious	287004	54929	40737	6679	12941	7594	3654	4776	2741	1354
impressive	536871	55767	29362	13031	65987	52730	45968	13803	9677	6560
important	4058575	590968	278322	83466	553903	465550	400965	59764	34870	22402
aggressive	391165	41211	25707	11813	32951	27573	18817	6154	4221	2741
crazy	543685	97397	65870	31120	35455	17649	7769	11670	7711	4597
impolite	2355	979	826	267	122	116	56	164	94	64
credible	104907	27040	21646	13542	5672	3487	2426	1193	692	550
brutal	161049	20371	10620	2397	9409	5417	3342	4618	3797	2790
ill-formed	394	270	178	144				28		
barbarous	2118	304	145	35	48	24		24		
heavenly	49193	7279	3912	614	1015	607	97	773	336	231
engaging	247515	43339	32383	8217	17939	11837	7200	4682	3308	2018
jarring	24814	3420	1589	841	1263	844	550	601	340	52
feisty	15424	2752	722	57	545	286	156	331	66	44
thrilling	109112	6288	3779	924	20767	1542	862	2524	1542	1272
sublime	33273	4449	1936	244	1396	697	272	1148	569	318
cheesy	25846	4023	2774	1039	1615	930	454	1468	985	808
objectionable	24817	2569	2032	740	1633	1295	929	110	116	53
disagreeable	2928	1075	935	576	308	308	248	68	68	40
wonderful	740989	78266	38879	7978	68877	28654	14450	26914	19122	12636
gainful	2699	612	422	166	107	56	22	103	36	
admirable	30329	4586	2268	906	3222	2120	1860	809	549	421
pitiful	17256	3815	3201	1356	877	481	338	286	240	68
clear	2261033	643748	312106	205185	191221	132197	103554	51680	31539	25455
barbaric	17573	2978	1648	564	952	724	616	420	164	121
friendly	460333	72176	48569	18827	44166	34452	27884	11997	9374	7663
ill-conceived	4340	579	506	110	175	141	58	141	119	29
equitable	28428	2865	1645	325	976	391	67	502	353	254
abominable	5739	1544	1005	97	365	181	14	318	318	318
lamentable	1982	216	61					36	36	
dull	70322	16622	11596	6021	5767	4251	2478	2968	2188	1559
advanced	931258	76089	37244	11414	49451	25798	14307	7990	3453	1326
gorgeous	244006	22714	12469	3634	13542	6444	2826	14299	9772	7883
stellar	105611	14040	8095	3163	3486	1397	451	2057	1430	1178
incomparable	14215	1509	1161	49	464	234	107	630	577	273
catastrophic	74807	10488	6599	2314	2955	1589	650	869	723	335
intricate	54659	5793	2888	804	5062	2615	1945	2191	1288	606
comfortable	773743	125643	89014	48288	129396	116026	90177	19601	15428	11252
irritating	31374	5969	4030	1116	4999	4338	3928	1111	668	536
dismal	58222	8071	5854	334	2069	1363	774	564	364	332
contemptible	2278	248	118	44	256	212	212	297	133	69
easy	2379138	566156	422558	324008	245219	192228	159578	44815	28607	18832
disgusting	68979	11228	6517	1676	5606	3540	2730	7822	4203	3802
affirmative	26218	4457	2506	844	912	480	200	217	111	59
freakish	5836	1310	1011	214	900	752	570	176	144	116
fancy	174137	46990	37179	15715	11241	7389	4525	2765	1404	453
arrogant	39963	9280	6001	2724	4235	2343	1387	1429	903	607
hopeless	42906	6669	4047	1243	2029	1551	938	924	656	391
cohesive	29526	3710	2307	1013	3297	2837	708	750	482	368
stately	12846	1167	704	207	272	146	145	231	23	
atrocious	14511	2926	1794	414	1640	707	269	773	744	655
convincing	102605	23131	14284	8913	13937	9895	7262	3188	1827	1204
immense	121776	16141	7836	987	6481	2912	234	3778	2037	707
anomalous	9259	1363	647	320	352	224	196	24	24	24
superficial	36927	9394	6078	1977	3948	2526	1624	765	444	193
encouraging	290207	49638	36783	9708	26527	21805	18119	2305	1314	552
advantageous	36106	7171	2659	920	6580	4354	3576	1740	304	228
conciliatory	19157	1491	790	176	440	402	343	197	155	152
bothersome	32122	1298	999	422	873	840	654	232	112	42
garish	5150	1659	826	571	389	335	159	662	484	484
imaginative	28708	3443	2092	943	2086	1458	1203	1473	1113	996
friggin	5662	940	614	179	246	232	68	114	2	2
offensive	772168	91909	49718	10986	31907	17236	11173	6963	4567	1898
horrific	83473	12904	7727	1195	5877	3980	1381	3844	3610	2959
divine	148670	23670	15504	3763	6138	3301	843	3729	2519	1467
banal	7555	2288	1821	326	618	463	411	734	682	586
genuine	277355	59306	34569	12290	16124	9923	3946	6879	3752	2065
despicable	19295	3589	2200	682	1125	637	464	429	403	337
dirty	211429	32451	21532	6660	12309	7959	4962	2779	1659	504
